50.62	0.00	-0.00	1.00
50.62	4.00	5.00	1.00
50.66 0.00 0.00 1.00 0.00 0.00 0.00
50.71 0.00 0.00 1.00 0.10 0.10 -0.02
50.76 0.01 0.01 1.00 0.27 0.29 -0.08
50.81 0.03 0.03 0.99 0.45 0.50 -0.14
50.86 0.06 0.06 0.98 0.63 0.71 -0.17
50.91 0.09 0.10 0.97 0.79 0.91 -0.18
50.96 0.14 0.15 0.96 0.94 1.10 -0.18
51.01 0.19 0.21 0.96 1.07 1.27 -0.17
51.06 0.24 0.28 0.95 1.19 1.42 -0.15
51.11 0.30 0.35 0.94 1.29 1.55 -0.13
51.16 0.37 0.44 0.94 1.38 1.67 -0.11
51.21 0.44 0.52 0.93 1.46 1.78 -0.09
51.26 0.52 0.61 0.93 1.54 1.88 -0.07
51.31 0.60 0.71 0.92 1.60 1.97 -0.05
51.36 0.68 0.81 0.92 1.66 2.05 -0.03
51.41 0.76 0.92 0.92 1.71 2.13 -0.02
51.46 0.85 1.02 0.92 1.76 2.19 -0.00
51.51 0.94 1.13 0.92 1.81 2.25 0.01
51.56 1.03 1.25 0.92 1.84 2.30 0.02
51.61 1.12 1.36 0.92 1.88 2.35 0.03
51.66 1.22 1.48 0.92 1.91 2.40 0.03
51.71 1.31 1.60 0.93 1.94 2.44 0.04
51.76 1.41 1.73 0.93 1.96 2.47 0.05
51.81 1.51 1.85 0.93 1.99 2.50 0.05
51.86 1.61 1.98 0.93 2.01 2.53 0.06
51.91 1.71 2.10 0.94 2.02 2.56 0.06
51.96 1.81 2.23 0.94 2.04 2.58 0.06
52.01 1.91 2.36 0.94 2.05 2.60 0.06
52.06 2.02 2.49 0.94 2.06 2.62 0.06
52.11 2.12 2.62 0.95 2.07 2.63 0.07
52.16 2.23 2.76 0.95 2.08 2.64 0.07
52.21 2.33 2.89 0.95 2.09 2.65 0.07
52.26 2.43 3.02 0.96 2.10 2.66 0.07
52.31 2.54 3.15 0.96 2.10 2.67 0.07
52.36 2.64 3.29 0.97 2.11 2.68 0.07
52.41 2.75 3.42 0.97 2.11 2.68 0.07
52.46 2.86 3.56 0.97 2.11 2.68 0.07
52.51 2.96 3.69 0.98 2.11 2.69 0.07
52.56 3.07 3.82 0.98 2.12 2.69 0.07
52.61 3.17 3.96 0.98 2.12 2.69 0.06
52.66 3.28 4.09 0.98 2.11 2.68 0.06
52.71 3.38 4.23 0.99 2.08 2.64 0.06
52.76 3.49 4.36 0.99 2.03 2.57 0.05
52.81 3.59 4.48 0.99 1.96 2.48 0.03
52.86 3.68 4.60 0.99 1.87 2.37 0.01
52.91 3.77 4.72 0.99 1.76 2.24 -0.01
52.96 3.86 4.83 0.99 1.64 2.09 -0.04
53.01 3.94 4.93 0.99 1.52 1.93 -0.06
53.06 4.01 5.02 0.99 1.38 1.76 -0.08
53.11 4.07 5.10 0.98 1.24 1.58 -0.09
53.16 4.13 5.18 0.98 1.10 1.40 -0.10
53.21 4.18 5.24 0.97 0.96 1.21 -0.11
53.26 4.23 5.30 0.97 0.81 1.03 -0.11
53.31 4.26 5.35 0.96 0.67 0.84 -0.11
53.36 4.29 5.38 0.96 0.53 0.66 -0.10
53.41 4.32 5.41 0.95 0.39 0.49 -0.09
53.46 4.33 5.43 0.95 0.26 0.33 -0.07
53.51 4.34 5.44 0.94 0.14 0.17 -0.05
53.56 4.35 5.45 0.94 0.03 0.03 -0.03
53.61 4.35 5.45 0.94 -0.08 -0.11 -0.01
53.66 4.34 5.44 0.94 -0.17 -0.23 0.01
53.71 4.33 5.42 0.94 -0.26 -0.33 0.03
53.76 4.31 5.40 0.94 -0.33 -0.43 0.05
53.81 4.30 5.38 0.95 -0.40 -0.51 0.06
53.86 4.27 5.35 0.95 -0.45 -0.58 0.08
53.91 4.25 5.32 0.95 -0.49 -0.63 0.09
53.96 4.23 5.29 0.96 -0.53 -0.67 0.10
54.01 4.20 5.26 0.96 -0.55 -0.70 0.10
54.06 4.17 5.22 0.97 -0.57 -0.72 0.10
54.11 4.14 5.18 0.97 -0.58 -0.73 0.10
54.16 4.11 5.15 0.98 -0.58 -0.73 0.10
54.21 4.08 5.11 0.98 -0.57 -0.73 0.10
54.26 4.06 5.07 0.99 -0.56 -0.71 0.09
54.31 4.03 5.04 0.99 -0.54 -0.69 0.08
54.36 4.00 5.01 1.00 -0.52 -0.66 0.07
54.41 3.98 4.97 1.00 -0.49 -0.63 0.07
54.46 3.95 4.94 1.00 -0.46 -0.59 0.06
54.51 3.93 4.92 1.01 -0.43 -0.55 0.05
54.56 3.91 4.89 1.01 -0.39 -0.50 0.04
54.61 3.89 4.87 1.01 -0.36 -0.45 0.03
54.66 3.88 4.84 1.01 -0.32 -0.40 0.02
54.71 3.86 4.82 1.01 -0.28 -0.35 0.02
54.76 3.85 4.81 1.01 -0.24 -0.30 0.01
54.81 3.84 4.79 1.01 -0.20 -0.25 0.01
54.86 3.83 4.78 1.01 -0.16 -0.20 0.00
54.91 3.82 4.77 1.01 -0.12 -0.15 -0.00
54.96 3.82 4.77 1.01 -0.08 -0.11 -0.00
55.01 3.81 4.76 1.01 -0.05 -0.06 -0.00
55.06 3.81 4.76 1.01 -0.01 -0.02 -0.00
55.11 3.81 4.76 1.01 0.02 0.02 -0.00
55.16 3.81 4.76 1.01 0.05 0.06 -0.00
55.21 3.82 4.77 1.01 0.07 0.09 -0.00
55.26 3.82 4.77 1.01 0.10 0.12 -0.00
55.31 3.82 4.78 1.01 0.12 0.15 -0.00
55.36 3.83 4.79 1.01 0.14 0.17 -0.00
55.41 3.84 4.80 1.01 0.15 0.19 0.00
55.46 3.85 4.81 1.01 0.17 0.21 0.00
55.51 3.85 4.82 1.01 0.18 0.22 0.00
55.56 3.86 4.83 1.01 0.18 0.23 0.00
55.61 3.87 4.84 1.01 0.19 0.24 0.00
55.66 3.88 4.85 1.01 0.19 0.25 0.00
55.71 3.89 4.87 1.01 0.19 0.25 0.00
55.76 3.90 4.88 1.01 0.19 0.25 0.00
55.81 3.91 4.89 1.01 0.19 0.24 0.00
55.86 3.92 4.90 1.01 0.19 0.24 0.00
55.91 3.93 4.91 1.01 0.18 0.23 0.00
55.96 3.94 4.93 1.01 0.17 0.22 0.00
56.01 3.95 4.94 1.01 0.17 0.21 0.00
56.06 3.96 4.95 1.01 0.16 0.20 0.00
56.11 3.96 4.96 1.01 0.15 0.18 0.00
56.16 3.97 4.97 1.01 0.13 0.17 -0.00
56.21 3.98 4.97 1.01 0.12 0.16 -0.00
56.26 3.98 4.98 1.01 0.11 0.14 -0.00
56.31 3.99 4.99 1.01 0.10 0.13 -0.00
56.36 3.99 4.99 1.01 0.09 0.11 -0.00
56.41 4.00 5.00 1.01 0.08 0.10 -0.00
56.46 4.00 5.00 1.01 0.07 0.08 -0.00
56.51 4.00 5.01 1.01 0.05 0.07 -0.00
56.56 4.01 5.01 1.01 0.04 0.05 -0.00
56.61 4.01 5.01 1.01 0.03 0.04 -0.00
56.66 4.01 5.01 1.01 0.02 0.03 -0.00
56.71 4.01 5.01 1.01 0.01 0.02 -0.00
56.76 4.01 5.02 1.01 0.01 0.01 -0.00

56.85	4.01	5.02	1.01
56.85	4.00	9.00	1.00
56.89 4.01 5.01 1.01 -0.01 -0.02 -0.00
56.94 4.01 5.01 1.01 -0.02 0.05 -0.01
56.99 4.01 5.02 1.01 -0.02 0.24 -0.04
57.04 4.01 5.04 1.01 -0.02 0.47 -0.08
57.09 4.01 5.07 1.00 -0.03 0.71 -0.11
57.14 4.00 5.11 1.00 -0.03 0.95 -0.13
57.19 4.00 5.16 0.99 -0.03 1.17 -0.13
57.24 4.00 5.23 0.98 -0.03 1.39 -0.13
57.29 4.00 5.30 0.98 -0.03 1.59 -0.12
57.34 4.00 5.39 0.97 -0.04 1.77 -0.11
57.39 4.00 5.48 0.97 -0.04 1.94 -0.10
57.44 3.99 5.58 0.96 -0.04 2.09 -0.08
57.49 3.99 5.69 0.96 -0.04 2.23 -0.06
57.54 3.99 5.80 0.96 -0.04 2.36 -0.04
57.59 3.99 5.92 0.95 -0.04 2.48 -0.03
57.64 3.99 6.05 0.95 -0.04 2.58 -0.01
57.69 3.99 6.18 0.95 -0.03 2.68 0.00
57.74 3.98 6.32 0.95 -0.03 2.77 0.02
57.79 3.98 6.46 0.95 -0.03 2.84 0.03
57.84 3.98 6.60 0.96 -0.03 2.92 0.04
57.89 3.98 6.75 0.96 -0.03 2.98 0.05
57.94 3.98 6.90 0.96 -0.03 3.04 0.05
57.99 3.98 7.05 0.96 -0.02 3.09 0.06
58.04 3.98 7.21 0.97 -0.02 3.14 0.07
58.09 3.97 7.37 0.97 -0.02 3.18 0.07
58.14 3.97 7.53 0.97 -0.01 3.22 0.07
58.19 3.97 7.69 0.98 -0.01 3.25 0.08
58.24 3.97 7.85 0.98 -0.00 3.26 0.08
58.29 3.97 8.02 0.99 -0.00 3.24 0.08
58.34 3.97 8.18 0.99 0.00 3.18 0.07
58.39 3.97 8.33 0.99 0.01 3.08 0.06
58.44 3.97 8.48 1.00 0.01 2.96 0.04
58.49 3.97 8.63 1.00 0.01 2.81 0.02
58.54 3.97 8.76 1.00 0.01 2.64 -0.00
58.59 3.98 8.89 1.00 0.02 2.45 -0.03
58.64 3.98 9.01 0.99 0.02 2.26 -0.05
58.69 3.98 9.12 0.99 0.02 2.05 -0.06
58.74 3.98 9.21 0.99 0.02 1.83 -0.08
58.79 3.98 9.30 0.98 0.02 1.61 -0.09
58.84 3.98 9.37 0.98 0.02 1.39 -0.09
58.89 3.98 9.44 0.97 0.02 1.16 -0.09
58.94 3.98 9.49 0.97 0.02 0.94 -0.09
58.99 3.98 9.53 0.97 0.02 0.73 -0.08
59.04 3.99 9.56 0.96 0.02 0.52 -0.07
59.09 3.99 9.58 0.96 0.02 0.33 -0.06
59.14 3.99 9.60 0.96 0.02 0.14 -0.04
59.19 3.99 9.60 0.95 0.02 -0.03 -0.02
59.24 3.99 9.59 0.95 0.02 -0.18 -0.00
59.29 3.99 9.58 0.95 0.02 -0.33 0.01
59.34 3.99 9.56 0.96 0.02 -0.45 0.03
59.39 3.99 9.54 0.96 0.02 -0.56 0.05
59.44 3.99 9.50 0.96 0.02 -0.65 0.06
59.49 3.99 9.47 0.96 0.01 -0.73 0.07
59.54 3.99 9.43 0.97 0.01 -0.79 0.08
59.59 4.00 9.39 0.97 0.01 -0.84 0.09
59.64 4.00 9.35 0.98 0.01 -0.88 0.09
59.69 4.00 9.30 0.98 0.01 -0.90 0.09
59.74 4.00 9.26 0.99 0.01 -0.91 0.09
59.79 4.00 9.21 0.99 0.01 -0.91 0.09
59.84 4.00 9.17 0.99 0.01 -0.90 0.08
59.89 4.00 9.12 1.00 0.00 -0.88 0.08
59.94 4.00 9.08 1.00 0.00 -0.85 0.07
59.99 4.00 9.04 1.01 0.00 -0.81 0.06
60.04 4.00 9.00 1.01 0.00 -0.77 0.06
60.09 4.00 8.96 1.01 0.00 -0.72 0.05
60.14 4.00 8.93 1.01 0.00 -0.67 0.04
60.19 4.00 8.89 1.01 -0.00 -0.61 0.03
60.24 4.00 8.87 1.02 -0.00 -0.55 0.02
60.29 4.00 8.84 1.02 -0.00 -0.49 0.02
60.34 4.00 8.82 1.02 -0.00 -0.43 0.01
60.39 4.00 8.80 1.02 -0.00 -0.37 0.01
60.44 4.00 8.78 1.02 -0.00 -0.31 0.00
60.49 4.00 8.77 1.02 -0.00 -0.25 -0.00
60.54 4.00 8.75 1.02 -0.00 -0.19 -0.00
60.59 4.00 8.75 1.02 -0.00 -0.13 -0.00
60.64 4.00 8.74 1.02 -0.00 -0.08 -0.00
60.69 4.00 8.74 1.02 -0.00 -0.03 -0.01
60.74 4.00 8.74 1.02 -0.00 0.02 -0.01
60.79 4.00 8.74 1.02 -0.00 0.07 -0.00
60.84 4.00 8.75 1.02 -0.00 0.11 -0.00
60.89 4.00 8.75 1.02 -0.00 0.14 -0.00
60.94 4.00 8.76 1.02 -0.00 0.17 -0.00
60.99 4.00 8.77 1.02 -0.00 0.20 -0.00
61.04 4.00 8.78 1.02 -0.00 0.23 -0.00
61.09 4.00 8.79 1.02 -0.00 0.25 0.00
61.14 4.00 8.80 1.02 -0.00 0.26 0.00
61.19 4.00 8.82 1.02 -0.00 0.27 0.00
61.24 4.00 8.83 1.02 -0.00 0.28 0.00
61.29 4.00 8.85 1.02 -0.00 0.29 0.00
61.34 4.00 8.86 1.02 0.00 0.29 0.00
61.39 4.00 8.87 1.02 0.00 0.29 0.00
61.44 4.00 8.89 1.02 0.00 0.28 0.00
61.49 4.00 8.90 1.02 0.00 0.28 0.00
61.54 4.00 8.92 1.02 0.00 0.27 0.00
61.59 4.00 8.93 1.02 0.00 0.26 0.00
61.64 4.00 8.94 1.02 0.00 0.24 0.00
61.69 4.00 8.95 1.02 0.00 0.23 -0.00
61.74 4.00 8.97 1.02 0.00 0.21 -0.00
61.79 4.00 8.98 1.02 0.00 0.20 -0.00
61.84 4.00 8.98 1.02 0.00 0.18 -0.00
61.89 4.00 8.99 1.02 0.00 0.16 -0.00
61.94 4.00 9.00 1.02 0.00 0.14 -0.00
61.99 4.00 9.01 1.02 0.00 0.12 -0.00
62.04 4.00 9.01 1.02 0.00 0.11 -0.00
62.09 4.00 9.02 1.02 0.00 0.09 -0.00
62.14 4.00 9.02 1.02 0.00 0.07 -0.00
62.19 4.00 9.03 1.02 0.00 0.06 -0.00
62.24 4.00 9.03 1.02 0.00 0.04 -0.00
62.29 4.00 9.03 1.02 0.00 0.03 -0.00
62.34 4.00 9.03 1.02 0.00 0.01 -0.00
62.39 4.00 9.03 1.02 0.00 -0.00 -0.00

62.48	4.00	9.03	1.02
62.48	8.00	9.00	1.00
62.53 4.00 9.03 1.02 0.01 -0.03 -0.00
62.58 4.00 9.03 1.01 0.15 -0.04 -0.02
62.63 4.01 9.02 1.01 0.36 -0.04 -0.06
62.68 4.04 9.02 1.01 0.61 -0.04 -0.09
62.73 4.08 9.02 1.00 0.85 -0.04 -0.12
62.78 4.12 9.02 1.00 1.08 -0.05 -0.13
62.83 4.18 9.02 0.99 1.31 -0.05 -0.13
62.88 4.25 9.01 0.98 1.51 -0.05 -0.13
62.93 4.33 9.01 0.98 1.71 -0.05 -0.12
62.98 4.42 9.01 0.97 1.89 -0.05 -0.10
63.03 4.52 9.01 0.97 2.05 -0.05 -0.09
63.08 4.63 9.00 0.96 2.20 -0.05 -0.07
63.13 4.74 9.00 0.96 2.33 -0.05 -0.05
63.18 4.86 9.00 0.96 2.46 -0.05 -0.03
63.23 4.99 9.00 0.96 2.57 -0.05 -0.02
63.28 5.12 8.99 0.96 2.67 -0.05 -0.00
63.33 5.26 8.99 0.96 2.76 -0.05 0.01
63.38 5.40 8.99 0.96 2.84 -0.05 0.02
63.43 5.54 8.99 0.96 2.92 -0.04 0.03
63.48 5.69 8.98 0.96 2.99 -0.04 0.04
63.53 5.84 8.98 0.96 3.05 -0.04 0.05
63.58 5.99 8.98 0.97 3.10 -0.04 0.06
63.63 6.15 8.98 0.97 3.15 -0.03 0.06
63.68 6.31 8.98 0.97 3.20 -0.03 0.07
63.73 6.47 8.98 0.98 3.24 -0.03 0.07
63.78 6.63 8.97 0.98 3.27 -0.02 0.07
63.83 6.80 8.97 0.98 3.29 -0.02 0.08
63.88 6.96 8.97 0.99 3.28 -0.01 0.07
63.93 7.12 8.97 0.99 3.23 -0.01 0.07
63.98 7.28 8.97 1.00 3.15 -0.00 0.06
64.03 7.44 8.97 1.00 3.04 0.00 0.04
64.08 7.59 8.97 1.00 2.89 0.00 0.02
64.13 7.73 8.97 1.00 2.73 0.01 0.00
64.18 7.86 8.97 1.00 2.55 0.01 -0.02
64.23 7.98 8.97 1.00 2.35 0.01 -0.04
64.28 8.09 8.97 1.00 2.14 0.02 -0.06
64.33 8.19 8.98 0.99 1.93 0.02 -0.08
64.38 8.28 8.98 0.99 1.70 0.02 -0.09
64.43 8.36 8.98 0.98 1.48 0.02 -0.10
64.48 8.43 8.98 0.98 1.25 0.02 -0.10
64.53 8.49 8.98 0.97 1.03 0.02 -0.09
64.58 8.54 8.98 0.97 0.81 0.02 -0.09
64.63 8.57 8.98 0.96 0.60 0.02 -0.08
64.68 8.60 8.98 0.96 0.40 0.02 -0.06
64.73 8.61 8.98 0.96 0.21 0.02 -0.05
64.78 8.62 8.99 0.96 0.03 0.02 -0.03
64.83 8.61 8.99 0.96 -0.14 0.02 -0.01
64.88 8.60 8.99 0.96 -0.28 0.02 0.01
64.93 8.58 8.99 0.96 -0.42 0.02 0.02
64.98 8.56 8.99 0.96 -0.53 0.02 0.04
65.03 8.53 8.99 0.96 -0.63 0.02 0.06
65.08 8.50 8.99 0.96 -0.72 0.02 0.07
65.13 8.46 8.99 0.97 -0.79 0.02 0.08
65.18 8.42 8.99 0.97 -0.84 0.02 0.09
65.23 8.38 8.99 0.98 -0.88 0.01 0.09
65.28 8.33 9.00 0.98 -0.91 0.01 0.09
65.33 8.29 9.00 0.99 -0.92 0.01 0.09
65.38 8.24 9.00 0.99 -0.92 0.01 0.09
65.43 8.19 9.00 0.99 -0.92 0.01 0.09
65.48 8.15 9.00 1.00 -0.90 0.01 0.08
65.53 8.10 9.00 1.00 -0.87 0.01 0.08
65.58 8.06 9.00 1.01 -0.84 0.01 0.07
65.63 8.02 9.00 1.01 -0.80 0.00 0.06
65.68 7.98 9.00 1.01 -0.75 0.00 0.05
65.73 7.94 9.00 1.01 -0.70 0.00 0.04
65.78 7.91 9.00 1.02 -0.64 0.00 0.03
65.83 7.88 9.00 1.02 -0.59 0.00 0.03
65.88 7.85 9.00 1.02 -0.52 -0.00 0.02
65.93 7.83 9.00 1.02 -0.46 -0.00 0.01
65.98 7.81 9.00 1.02 -0.40 -0.00 0.01
66.03 7.79 9.00 1.02 -0.34 -0.00 0.00
66.08 7.77 9.00 1.02 -0.28 -0.00 0.00
66.13 7.76 9.00 1.02 -0.22 -0.00 -0.00
66.18 7.75 9.00 1.02 -0.16 -0.00 -0.00
66.23 7.74 9.00 1.02 -0.10 -0.00 -0.01
66.28 7.74 9.00 1.02 -0.05 -0.00 -0.01
66.33 7.74 9.00 1.02 0.00 -0.00 -0.01
66.38 7.74 9.00 1.02 0.05 -0.00 -0.01
66.43 7.75 9.00 1.02 0.09 -0.00 -0.00
66.48 7.75 9.00 1.02 0.13 -0.00 -0.00
66.53 7.76 9.00 1.02 0.16 -0.00 -0.00
66.58 7.77 9.00 1.02 0.19 -0.00 -0.00
66.63 7.78 9.00 1.02 0.22 -0.00 -0.00
66.68 7.79 9.00 1.02 0.24 -0.00 -0.00
66.73 7.80 9.00 1.02 0.26 -0.00 0.00
66.78 7.81 9.00 1.02 0.27 -0.00 0.00
66.83 7.83 9.00 1.02 0.28 -0.00 0.00
66.88 7.84 9.00 1.02 0.29 -0.00 0.00
66.93 7.86 9.00 1.02 0.29 -0.00 0.00
66.98 7.87 9.00 1.02 0.29 -0.00 0.00
67.03 7.89 9.00 1.02 0.29 -0.00 0.00
67.08 7.90 9.00 1.02 0.28 -0.00 0.00
67.13 7.91 9.00 1.02 0.27 0.00 0.00
67.18 7.93 9.00 1.02 0.26 0.00 0.00
67.23 7.94 9.00 1.02 0.25 0.00 -0.00
67.28 7.95 9.00 1.02 0.23 0.00 -0.00
67.33 7.96 9.00 1.02 0.22 0.00 -0.00
67.38 7.97 9.00 1.02 0.20 0.00 -0.00
67.43 7.98 9.00 1.02 0.19 0.00 -0.00
67.48 7.99 9.00 1.02 0.17 0.00 -0.00
67.53 8.00 9.00 1.02 0.15 0.00 -0.00
67.58 8.01 9.00 1.02 0.13 0.00 -0.00
67.63 8.01 9.00 1.02 0.11 0.00 -0.00
67.68 8.02 9.00 1.02 0.10 0.00 -0.00
67.73 8.02 9.00 1.02 0.08 0.00 -0.00
67.78 8.03 9.00 1.02 0.06 0.00 -0.00
67.83 8.03 9.00 1.02 0.05 0.00 -0.00
67.88 8.03 9.00 1.02 0.03 0.00 -0.00
67.93 8.03 9.00 1.02 0.02 0.00 -0.00
67.98 8.03 9.00 1.02 0.00 0.00 -0.00

68.0	8.03	9.00	1.02
68.0	10.00	13.00	1.00
68.04 8.03 9.00 1.02 -0.01 0.01 -0.00
68.09 8.03 9.00 1.02 0.07 0.15 -0.02
68.14 8.04 9.01 1.01 0.20 0.35 -0.07
68.19 8.05 9.04 1.01 0.33 0.58 -0.11
68.24 8.07 9.07 1.00 0.45 0.81 -0.14
68.29 8.10 9.12 1.00 0.56 1.03 -0.15
68.34 8.13 9.17 0.99 0.66 1.23 -0.15
68.39 8.17 9.24 0.98 0.75 1.42 -0.14
68.44 8.20 9.32 0.98 0.82 1.59 -0.12
68.49 8.25 9.40 0.97 0.89 1.75 -0.10
68.54 8.29 9.49 0.97 0.95 1.89 -0.08
68.59 8.34 9.59 0.96 1.01 2.02 -0.06
68.64 8.39 9.69 0.96 1.06 2.14 -0.04
68.69 8.45 9.80 0.96 1.10 2.24 -0.03
68.74 8.50 9.92 0.96 1.14 2.34 -0.01
68.79 8.56 10.04 0.96 1.18 2.42 0.00
68.84 8.62 10.16 0.96 1.21 2.50 0.02
68.89 8.68 10.29 0.96 1.24 2.57 0.03
68.94 8.75 10.42 0.96 1.26 2.64 0.04
68.99 8.81 10.55 0.96 1.29 2.70 0.05
69.04 8.87 10.69 0.96 1.31 2.75 0.05
69.09 8.94 10.82 0.97 1.33 2.80 0.06
69.14 9.01 10.97 0.97 1.35 2.84 0.06
69.19 9.08 11.11 0.97 1.36 2.87 0.07
69.24 9.14 11.25 0.98 1.38 2.91 0.07
69.29 9.21 11.40 0.98 1.39 2.94 0.07
69.34 9.28 11.55 0.98 1.40 2.96 0.07
69.39 9.35 11.70 0.99 1.42 2.99 0.07
69.44 9.43 11.85 0.99 1.43 3.00 0.07
69.49 9.50 12.00 0.99 1.43 3.00 0.07
69.54 9.57 12.15 1.00 1.41 2.97 0.06
69.59 9.64 12.29 1.00 1.38 2.90 0.05
69.64 9.71 12.43 1.00 1.34 2.80 0.04
69.69 9.77 12.57 1.00 1.28 2.68 0.02
69.74 9.83 12.70 1.01 1.21 2.54 -0.00
69.79 9.89 12.83 1.00 1.13 2.37 -0.03
69.84 9.95 12.94 1.00 1.05 2.20 -0.05
69.89 10.00 13.04 1.00 0.96 2.01 -0.07
69.94 10.04 13.14 1.00 0.87 1.81 -0.08
69.99 10.08 13.23 0.99 0.77 1.61 -0.10
70.04 10.12 13.30 0.99 0.68 1.40 -0.10
70.09 10.15 13.37 0.98 0.58 1.20 -0.11
70.14 10.18 13.42 0.98 0.48 0.99 -0.10
70.19 10.20 13.46 0.97 0.39 0.79 -0.10
70.24 10.22 13.50 0.97 0.30 0.59 -0.09
70.29 10.23 13.52 0.96 0.21 0.41 -0.07
70.34 10.24 13.54 0.96 0.12 0.23 -0.06
70.39 10.24 13.55 0.96 0.05 0.06 -0.04
70.44 10.24 13.55 0.96 -0.03 -0.09 -0.02
70.49 10.24 13.54 0.96 -0.09 -0.23 0.00
70.54 10.23 13.52 0.96 -0.15 -0.35 0.02
70.59 10.22 13.50 0.96 -0.21 -0.46 0.04
70.64 10.21 13.48 0.96 -0.25 -0.56 0.05
70.69 10.20 13.45 0.96 -0.29 -0.64 0.07
70.74 10.18 13.41 0.97 -0.32 -0.70 0.08
70.79 10.17 13.38 0.97 -0.35 -0.76 0.09
70.84 10.15 13.34 0.97 -0.37 -0.79 0.09
70.89 10.13 13.30 0.98 -0.38 -0.82 0.10
70.94 10.11 13.26 0.98 -0.39 -0.84 0.10
70.99 10.09 13.21 0.99 -0.39 -0.84 0.09
71.04 10.07 13.17 0.99 -0.39 -0.83 0.09
71.09 10.05 13.13 1.00 -0.38 -0.82 0.09
71.14 10.03 13.09 1.00 -0.37 -0.80 0.08
71.19 10.02 13.05 1.01 -0.36 -0.77 0.07
71.24 10.00 13.01 1.01 -0.34 -0.73 0.06
71.29 9.98 12.98 1.01 -0.32 -0.69 0.05
71.34 9.97 12.95 1.01 -0.30 -0.64 0.05
71.39 9.95 12.91 1.02 -0.28 -0.59 0.04
71.44 9.94 12.89 1.02 -0.25 -0.54 0.03
71.49 9.93 12.86 1.02 -0.23 -0.49 0.02
71.54 9.92 12.84 1.02 -0.20 -0.43 0.02
71.59 9.91 12.82 1.02 -0.17 -0.37 0.01
71.64 9.90 12.80 1.02 -0.15 -0.32 0.01
71.69 9.89 12.79 1.02 -0.12 -0.26 0.00
71.74 9.89 12.77 1.02 -0.09 -0.20 -0.00
71.79 9.88 12.77 1.02 -0.07 -0.15 -0.00
71.84 9.88 12.76 1.02 -0.04 -0.10 -0.00
71.89 9.88 12.76 1.02 -0.02 -0.05 -0.01
71.94 9.88 12.76 1.02 0.00 -0.00 -0.01
71.99 9.88 12.76 1.02 0.02 0.04 -0.01
72.04 9.88 12.76 1.02 0.04 0.08 -0.00
72.09 9.88 12.76 1.02 0.06 0.12 -0.00
72.14 9.88 12.77 1.02 0.07 0.15 -0.00
72.19 9.89 12.78 1.02 0.08 0.18 -0.00
72.24 9.89 12.79 1.02 0.10 0.20 -0.00
72.29 9.90 12.80 1.02 0.11 0.22 -0.00
72.34 9.90 12.81 1.02 0.11 0.24 0.00
72.39 9.91 12.82 1.02 0.12 0.25 0.00
72.44 9.92 12.84 1.02 0.12 0.26 0.00
72.49 9.92 12.85 1.02 0.13 0.27 0.00
72.54 9.93 12.86 1.02 0.13 0.27 0.00
72.59 9.93 12.88 1.02 0.13 0.27 0.00
72.64 9.94 12.89 1.02 0.13 0.27 0.00
72.69 9.95 12.90 1.02 0.12 0.26 0.00
72.74 9.95 12.91 1.02 0.12 0.25 0.00
72.79 9.96 12.93 1.02 0.12 0.24 0.00
72.84 9.97 12.94 1.02 0.11 0.23 0.00
72.89 9.97 12.95 1.02 0.11 0.22 -0.00
72.94 9.98 12.96 1.02 0.10 0.21 -0.00
72.99 9.98 12.97 1.02 0.09 0.19 -0.00
73.04 9.99 12.98 1.02 0.09 0.17 -0.00
73.09 9.99 12.99 1.02 0.08 0.16 -0.00
73.14 9.99 13.00 1.02 0.07 0.14 -0.00
73.19 10.00 13.00 1.02 0.06 0.13 -0.00
73.24 10.00 13.01 1.02 0.05 0.11 -0.00
73.29 10.00 13.01 1.02 0.05 0.09 -0.00
73.34 10.00 13.02 1.02 0.04 0.08 -0.00
73.39 10.01 13.02 1.02 0.03 0.06 -0.00
73.44 10.01 13.02 1.02 0.02 0.05 -0.00
73.49 10.01 13.03 1.02 0.02 0.03 -0.00
73.54 10.01 13.03 1.02 0.01 0.02 -0.00
73.59 10.01 13.03 1.02 0.01 0.01 -0.00

73.98	10.00	13.02	1.02
73.98	9.00	15.00	1.00
74.00 10.00 13.01 1.02 -0.02 -0.05 -0.00
74.05 10.00 13.01 1.02 -0.03 -0.05 -0.00
74.10 10.00 13.01 1.02 -0.12 0.08 -0.03
74.15 9.99 13.02 1.01 -0.25 0.29 -0.08
74.20 9.97 13.04 1.01 -0.38 0.52 -0.12
74.25 9.95 13.07 1.00 -0.50 0.74 -0.15
74.30 9.92 13.12 0.99 -0.62 0.96 -0.15
74.35 9.89 13.17 0.99 -0.72 1.17 -0.15
74.40 9.85 13.23 0.98 -0.81 1.36 -0.14
74.45 9.81 13.31 0.97 -0.88 1.54 -0.12
74.50 9.76 13.39 0.97 -0.95 1.70 -0.09
74.55 9.71 13.48 0.96 -1.01 1.85 -0.07
74.60 9.66 13.57 0.96 -1.06 1.98 -0.04
74.65 9.61 13.67 0.96 -1.11 2.10 -0.02
74.70 9.55 13.78 0.96 -1.15 2.21 0.00
74.75 9.49 13.89 0.96 -1.17 2.29 0.03
74.80 9.43 14.01 0.96 -1.19 2.35 0.05
74.85 9.38 14.13 0.96 -1.18 2.37 0.07
74.90 9.32 14.25 0.97 -1.16 2.35 0.08
74.95 9.26 14.36 0.97 -1.13 2.31 0.08
75.00 9.20 14.48 0.98 -1.09 2.25 0.08
75.05 9.15 14.59 0.98 -1.04 2.16 0.08
75.10 9.10 14.69 0.98 -0.98 2.06 0.06
75.15 9.05 14.79 0.99 -0.91 1.95 0.05
75.20 9.01 14.89 0.99 -0.85 1.82 0.04
75.25 8.97 14.98 0.99 -0.77 1.69 0.02
75.30 8.93 15.06 0.99 -0.70 1.54 0.01
75.35 8.90 15.13 0.99 -0.62 1.39 -0.01
75.40 8.87 15.19 0.99 -0.54 1.24 -0.02
75.45 8.84 15.25 0.99 -0.46 1.08 -0.03
75.50 8.82 15.30 0.99 -0.39 0.93 -0.03
75.55 8.81 15.35 0.99 -0.31 0.77 -0.03
75.60 8.79 15.38 0.98 -0.24 0.62 -0.03
75.65 8.78 15.41 0.98 -0.17 0.47 -0.03
75.70 8.78 15.43 0.98 -0.10 0.33 -0.02
75.75 8.77 15.44 0.98 -0.04 0.20 -0.02
75.80 8.77 15.45 0.98 0.02 0.07 -0.01
75.85 8.77 15.45 0.98 0.08 -0.05 -0.00
75.90 8.78 15.44 0.98 0.13 -0.15 0.01
75.95 8.79 15.43 0.98 0.17 -0.25 0.02
76.00 8.80 15.42 0.98 0.21 -0.34 0.03
76.05 8.81 15.40 0.98 0.24 -0.41 0.04
76.10 8.82 15.38 0.99 0.27 -0.48 0.04
76.15 8.83 15.35 0.99 0.29 -0.53 0.05
76.20 8.85 15.32 0.99 0.31 -0.57 0.05
76.25 8.87 15.29 0.99 0.32 -0.61 0.06
76.30 8.88 15.26 1.00 0.32 -0.63 0.06
76.35 8.90 15.23 1.00 0.33 -0.64 0.06
76.40 8.91 15.20 1.00 0.33 -0.65 0.06
76.45 8.93 15.17 1.00 0.32 -0.65 0.05
76.50 8.95 15.13 1.01 0.32 -0.64 0.05
76.55 8.96 15.10 1.01 0.30 -0.62 0.05
76.60 8.98 15.07 1.01 0.29 -0.60 0.04
76.65 8.99 15.04 1.01 0.28 -0.58 0.04
76.70 9.00 15.01 1.01 0.26 -0.55 0.03
76.75 9.02 14.99 1.02 0.24 -0.51 0.03
76.80 9.03 14.96 1.02 0.22 -0.48 0.02
76.85 9.04 14.94 1.02 0.20 -0.44 0.02
76.90 9.05 14.92 1.02 0.18 -0.39 0.01
76.95 9.06 14.90 1.02 0.16 -0.35 0.01
77.00 9.06 14.88 1.02 0.13 -0.31 0.00
77.05 9.07 14.87 1.02 0.11 -0.26 0.00
77.10 9.08 14.86 1.02 0.09 -0.22 -0.00
77.15 9.08 14.85 1.02 0.07 -0.18 -0.00
77.20 9.08 14.84 1.02 0.05 -0.14 -0.00
77.25 9.08 14.83 1.02 0.03 -0.10 -0.00
77.30 9.09 14.83 1.02 0.01 -0.06 -0.01
77.35 9.09 14.83 1.02 -0.00 -0.02 -0.01
77.40 9.08 14.83 1.02 -0.02 0.01 -0.00
77.45 9.08 14.83 1.02 -0.03 0.04 -0.00
77.50 9.08 14.83 1.02 -0.05 0.07 -0.00
77.55 9.08 14.84 1.02 -0.06 0.10 -0.00
77.60 9.08 14.84 1.02 -0.07 0.12 -0.00
77.65 9.07 14.85 1.02 -0.08 0.14 -0.00
77.70 9.07 14.86 1.02 -0.08 0.16 -0.00
77.75 9.06 14.86 1.02 -0.09 0.17 -0.00
77.80 9.06 14.87 1.02 -0.09 0.18 -0.00
77.85 9.05 14.88 1.02 -0.10 0.19 -0.00
77.90 9.05 14.89 1.02 -0.10 0.19 -0.00
77.95 9.04 14.90 1.02 -0.10 0.20 -0.00
78.00 9.04 14.91 1.02 -0.10 0.20 -0.00
78.05 9.03 14.92 1.02 -0.10 0.20 -0.00
78.10 9.03 14.93 1.02 -0.10 0.19 -0.00
78.15 9.02 14.94 1.02 -0.09 0.19 -0.00
78.20 9.02 14.95 1.02 -0.09 0.18 -0.00
78.25 9.02 14.96 1.02 -0.08 0.18 -0.00
78.30 9.01 14.97 1.02 -0.08 0.17 -0.00
78.35 9.01 14.98 1.02 -0.07 0.16 -0.00
78.40 9.00 14.98 1.02 -0.07 0.15 -0.00
78.45 9.00 14.99 1.02 -0.06 0.13 -0.00
78.50 9.00 15.00 1.02 -0.05 0.12 -0.00
78.55 9.00 15.00 1.02 -0.05 0.11 -0.00
78.60 8.99 15.01 1.02 -0.04 0.10 -0.00
78.65 8.99 15.01 1.02 -0.04 0.08 -0.00
78.70 8.99 15.02 1.02 -0.03 0.07 -0.00
78.75 8.99 15.02 1.02 -0.02 0.06 -0.00
78.80 8.99 15.02 1.02 -0.02 0.05 -0.00
78.85 8.99 15.02 1.02 -0.01 0.04 -0.00
78.90 8.99 15.02 1.02 -0.01 0.03 -0.00
78.95 8.99 15.03 1.02 -0.00 0.02 -0.00
79.00 8.99 15.03 1.02 0.00 0.01 -0.00

79.15	8.99	15.03	1.02
79.15	8.00	17.00	1.00
79.17 8.99 15.03 1.02 0.01 -0.02 -0.00
79.22 8.99 15.02 1.01 -0.02 0.02 -0.01
79.27 8.98 15.03 1.01 -0.13 0.19 -0.05
79.32 8.97 15.04 1.01 -0.26 0.40 -0.09
79.37 8.96 15.07 1.00 -0.39 0.63 -0.13
79.42 8.94 15.11 1.00 -0.51 0.86 -0.15
79.47 8.91 15.16 0.99 -0.62 1.07 -0.15
79.52 8.87 15.21 0.98 -0.71 1.27 -0.15
79.57 8.84 15.28 0.98 -0.80 1.45 -0.13
79.62 8.79 15.36 0.97 -0.88 1.62 -0.11
79.67 8.75 15.44 0.96 -0.94 1.78 -0.08
79.72 8.70 15.54 0.96 -1.00 1.92 -0.06
79.77 8.65 15.64 0.96 -1.05 2.04 -0.03
79.82 8.59 15.74 0.96 -1.10 2.16 -0.01
79.87 8.54 15.85 0.96 -1.14 2.25 0.01
79.92 8.48 15.97 0.96 -1.16 2.32 0.04
79.97 8.42 16.08 0.96 -1.16 2.36 0.06
80.02 8.37 16.20 0.96 -1.16 2.36 0.07
80.07 8.31 16.32 0.97 -1.13 2.33 0.08
80.12 8.25 16.43 0.97 -1.10 2.27 0.08
80.17 8.20 16.55 0.98 -1.06 2.20 0.08
80.22 8.15 16.65 0.98 -1.00 2.11 0.07
80.27 8.10 16.76 0.98 -0.94 2.00 0.06
80.32 8.05 16.85 0.99 -0.88 1.87 0.04
80.37 8.01 16.94 0.99 -0.81 1.74 0.03
80.42 7.97 17.03 0.99 -0.74 1.60 0.01
80.47 7.94 17.10 0.99 -0.67 1.45 0.00
80.52 7.90 17.17 0.99 -0.59 1.30 -0.01
80.57 7.88 17.23 0.99 -0.51 1.15 -0.02
80.62 7.85 17.29 0.99 -0.44 0.99 -0.03
80.67 7.83 17.33 0.99 -0.36 0.84 -0.03
80.72 7.82 17.37 0.98 -0.29 0.68 -0.03
80.77 7.80 17.40 0.98 -0.22 0.53 -0.03
80.82 7.80 17.42 0.98 -0.15 0.39 -0.03
80.87 7.79 17.44 0.98 -0.08 0.25 -0.02
80.92 7.79 17.45 0.98 -0.02 0.12 -0.01
80.97 7.79 17.45 0.98 0.03 0.00 -0.00
81.02 7.79 17.45 0.98 0.08 -0.11 0.00
81.07 7.80 17.44 0.98 0.13 -0.21 0.01
81.12 7.80 17.43 0.98 0.17 -0.30 0.02
81.17 7.81 17.41 0.98 0.21 -0.38 0.03
81.22 7.82 17.39 0.98 0.24 -0.45 0.04
81.27 7.84 17.37 0.99 0.26 -0.51 0.05
81.32 7.85 17.34 0.99 0.28 -0.56 0.05
81.37 7.86 17.31 0.99 0.30 -0.59 0.05
81.42 7.88 17.28 0.99 0.31 -0.62 0.06
81.47 7.90 17.25 1.00 0.31 -0.64 0.06
81.52 7.91 17.22 1.00 0.32 -0.65 0.06
81.57 7.93 17.18 1.00 0.32 -0.65 0.05
81.62 7.94 17.15 1.00 0.31 -0.64 0.05
81.67 7.96 17.12 1.01 0.30 -0.63 0.05
81.72 7.97 17.09 1.01 0.29 -0.61 0.04
81.77 7.99 17.06 1.01 0.28 -0.59 0.04
81.82 8.00 17.03 1.01 0.26 -0.56 0.03
81.87 8.01 17.00 1.01 0.25 -0.53 0.03
81.92 8.03 16.98 1.02 0.23 -0.49 0.02
81.97 8.04 16.95 1.02 0.21 -0.46 0.02
82.02 8.05 16.93 1.02 0.19 -0.41 0.01
82.07 8.05 16.91 1.02 0.17 -0.37 0.01
82.12 8.06 16.89 1.02 0.14 -0.33 0.01
82.17 8.07 16.88 1.02 0.12 -0.28 0.00
82.22 8.07 16.87 1.02 0.10 -0.24 0.00
82.27 8.08 16.85 1.02 0.08 -0.20 -0.00
82.32 8.08 16.85 1.02 0.06 -0.16 -0.00
82.37 8.09 16.84 1.02 0.04 -0.12 -0.00
82.42 8.09 16.83 1.02 0.02 -0.08 -0.00
82.47 8.09 16.83 1.02 0.01 -0.04 -0.00
82.52 8.09 16.83 1.02 -0.01 -0.00 -0.00
82.57 8.09 16.83 1.02 -0.03 0.03 -0.00
82.62 8.08 16.83 1.02 -0.04 0.06 -0.00
82.67 8.08 16.84 1.02 -0.05 0.08 -0.00
82.72 8.08 16.84 1.02 -0.06 0.11 -0.00
82.77 8.08 16.85 1.02 -0.07 0.13 -0.00
82.82 8.07 16.85 1.02 -0.08 0.15 -0.00
82.87 8.07 16.86 1.02 -0.09 0.16 -0.00
82.92 8.06 16.87 1.02 -0.09 0.17 -0.00
82.97 8.06 16.88 1.02 -0.09 0.18 -0.00
83.02 8.05 16.89 1.02 -0.10 0.19 -0.00
83.07 8.05 16.90 1.02 -0.10 0.20 0.00
83.12 8.05 16.91 1.02 -0.10 0.20 0.00
83.17 8.04 16.92 1.02 -0.10 0.20 0.00
83.22 8.04 16.93 1.02 -0.10 0.20 -0.00
83.27 8.03 16.94 1.02 -0.09 0.19 -0.00
83.32 8.03 16.95 1.02 -0.09 0.19 -0.00
83.37 8.02 16.96 1.02 -0.09 0.18 -0.00
83.42 8.02 16.96 1.02 -0.08 0.17 -0.00
83.47 8.01 16.97 1.02 -0.08 0.16 -0.00
83.52 8.01 16.98 1.02 -0.07 0.15 -0.00
83.57 8.01 16.99 1.02 -0.07 0.14 -0.00
83.62 8.00 16.99 1.02 -0.06 0.13 -0.00
83.67 8.00 17.00 1.02 -0.05 0.11 -0.00
83.72 8.00 17.01 1.02 -0.05 0.10 -0.00
83.77 8.00 17.01 1.02 -0.04 0.09 -0.00
83.82 7.99 17.01 1.02 -0.03 0.08 -0.00
83.87 7.99 17.02 1.02 -0.03 0.06 -0.00
83.92 7.99 17.02 1.02 -0.02 0.05 -0.00
83.97 7.99 17.02 1.02 -0.02 0.04 -0.00
84.02 7.99 17.03 1.02 -0.01 0.03 -0.00
84.07 7.99 17.03 1.02 -0.01 0.02 -0.00
84.12 7.99 17.03 1.01 -0.00 0.01 -0.00
84.17 7.99 17.03 1.01 0.00 0.00 -0.00

84.35	7.99	17.03	1.01
84.35	7.00	19.00	1.00
84.37 7.99 17.02 1.01 0.01 -0.03 -0.00
84.42 7.99 17.02 1.01 -0.01 0.01 -0.01
84.47 7.99 17.03 1.01 -0.13 0.18 -0.05
84.52 7.98 17.04 1.01 -0.26 0.40 -0.09
84.57 7.96 17.07 1.00 -0.39 0.63 -0.13
84.62 7.94 17.11 1.00 -0.51 0.85 -0.15
84.67 7.91 17.15 0.99 -0.62 1.07 -0.15
84.72 7.88 17.21 0.98 -0.71 1.27 -0.15
84.77 7.84 17.28 0.97 -0.80 1.45 -0.13
84.82 7.80 17.36 0.97 -0.88 1.62 -0.11
84.87 7.75 17.44 0.96 -0.94 1.77 -0.09
84.92 7.70 17.53 0.96 -1.00 1.91 -0.06
84.97 7.65 17.63 0.96 -1.05 2.04 -0.03
85.02 7.60 17.74 0.96 -1.10 2.16 -0.01
85.07 7.54 17.85 0.96 -1.14 2.25 0.01
85.12 7.48 17.96 0.96 -1.16 2.32 0.04
85.17 7.43 18.08 0.96 -1.17 2.36 0.06
85.22 7.37 18.20 0.96 -1.16 2.36 0.07
85.27 7.31 18.32 0.97 -1.14 2.33 0.08
85.32 7.25 18.43 0.97 -1.10 2.28 0.08
85.37 7.20 18.54 0.98 -1.06 2.20 0.08
85.42 7.15 18.65 0.98 -1.01 2.11 0.07
85.47 7.10 18.75 0.98 -0.95 2.00 0.06
85.52 7.05 18.85 0.99 -0.88 1.88 0.05
85.57 7.01 18.94 0.99 -0.82 1.75 0.03
85.62 6.97 19.03 0.99 -0.74 1.61 0.02
85.67 6.94 19.10 0.99 -0.67 1.46 0.00
85.72 6.91 19.17 0.99 -0.59 1.31 -0.01
85.77 6.88 19.23 0.99 -0.52 1.15 -0.02
85.82 6.85 19.29 0.99 -0.44 1.00 -0.03
85.87 6.83 19.33 0.99 -0.37 0.84 -0.03
85.92 6.82 19.37 0.98 -0.29 0.69 -0.03
85.97 6.81 19.40 0.98 -0.22 0.54 -0.03
86.02 6.80 19.42 0.98 -0.15 0.39 -0.03
86.07 6.79 19.44 0.98 -0.09 0.26 -0.02
86.12 6.79 19.45 0.98 -0.03 0.13 -0.01
86.17 6.79 19.45 0.98 0.03 0.00 -0.00
86.22 6.79 19.45 0.98 0.08 -0.11 0.00
86.27 6.80 19.44 0.98 0.13 -0.21 0.01
86.32 6.80 19.43 0.98 0.17 -0.30 0.02
86.37 6.81 19.41 0.98 0.21 -0.38 0.03
86.42 6.82 19.39 0.98 0.24 -0.45 0.04
86.47 6.84 19.37 0.98 0.26 -0.51 0.05
86.52 6.85 19.34 0.99 0.28 -0.55 0.05
86.57 6.86 19.31 0.99 0.30 -0.59 0.05
86.62 6.88 19.28 0.99 0.31 -0.62 0.06
86.67 6.90 19.25 1.00 0.31 -0.64 0.06
86.72 6.91 19.22 1.00 0.32 -0.65 0.06
86.77 6.93 19.18 1.00 0.32 -0.65 0.06
86.82 6.94 19.15 1.00 0.31 -0.65 0.05
86.87 6.96 19.12 1.01 0.30 -0.63 0.05
86.92 6.97 19.09 1.01 0.29 -0.62 0.04
86.97 6.99 19.06 1.01 0.28 -0.59 0.04
87.02 7.00 19.03 1.01 0.26 -0.56 0.03
87.07 7.01 19.00 1.01 0.25 -0.53 0.03
87.12 7.03 18.98 1.02 0.23 -0.50 0.02
87.17 7.04 18.95 1.02 0.21 -0.46 0.02
87.22 7.05 18.93 1.02 0.19 -0.42 0.01
87.27 7.05 18.91 1.02 0.17 -0.37 0.01
87.32 7.06 18.89 1.02 0.15 -0.33 0.01
87.37 7.07 18.88 1.02 0.12 -0.29 0.00
87.42 7.07 18.87 1.02 0.10 -0.24 0.00
87.47 7.08 18.85 1.02 0.08 -0.20 -0.00
87.52 7.08 18.85 1.02 0.06 -0.16 -0.00
87.57 7.09 18.84 1.02 0.04 -0.12 -0.00
87.62 7.09 18.83 1.02 0.02 -0.08 -0.00
87.67 7.09 18.83 1.02 0.01 -0.04 -0.00
87.72 7.09 18.83 1.02 -0.01 -0.01 -0.00
87.77 7.09 18.83 1.02 -0.02 0.03 -0.00
87.82 7.09 18.83 1.02 -0.04 0.06 -0.00
87.87 7.08 18.84 1.02 -0.05 0.08 -0.00
87.92 7.08 18.84 1.02 -0.06 0.11 -0.00
87.97 7.08 18.85 1.02 -0.07 0.13 -0.00
88.02 7.07 18.85 1.02 -0.08 0.15 -0.00
88.07 7.07 18.86 1.02 -0.09 0.16 -0.00
88.12 7.06 18.87 1.02 -0.09 0.17 -0.00
88.17 7.06 18.88 1.02 -0.09 0.18 -0.00
88.22 7.06 18.89 1.02 -0.10 0.19 -0.00
88.27 7.05 18.90 1.02 -0.10 0.20 0.00
88.32 7.05 18.91 1.02 -0.10 0.20 0.00
88.37 7.04 18.92 1.02 -0.10 0.20 0.00
88.42 7.04 18.93 1.02 -0.10 0.20 0.00
88.47 7.03 18.94 1.02 -0.09 0.19 -0.00
88.52 7.03 18.95 1.02 -0.09 0.19 -0.00
88.57 7.02 18.96 1.02 -0.09 0.18 -0.00
88.62 7.02 18.96 1.02 -0.08 0.17 -0.00
88.67 7.01 18.97 1.02 -0.08 0.16 -0.00
88.72 7.01 18.98 1.02 -0.07 0.15 -0.00
88.77 7.01 18.99 1.02 -0.07 0.14 -0.00
88.82 7.00 18.99 1.02 -0.06 0.13 -0.00
88.87 7.00 19.00 1.02 -0.05 0.11 -0.00
88.92 7.00 19.01 1.02 -0.05 0.10 -0.00
88.97 7.00 19.01 1.02 -0.04 0.09 -0.00
89.02 6.99 19.01 1.02 -0.03 0.08 -0.00
89.07 6.99 19.02 1.02 -0.03 0.06 -0.00
89.12 6.99 19.02 1.02 -0.02 0.05 -0.00
89.17 6.99 19.02 1.02 -0.02 0.04 -0.00
89.22 6.99 19.03 1.02 -0.01 0.03 -0.00
89.27 6.99 19.03 1.01 -0.01 0.02 -0.00
89.32 6.99 19.03 1.01 -0.00 0.01 -0.00
89.37 6.99 19.03 1.01 0.00 0.00 -0.00

