17.95	-0.00	0.00	1.00
17.95	4.00	5.00	1.00
17.97 -0.00 0.00 1.00 0.00 -0.00 0.00
18.02 0.00 0.00 1.00 0.03 0.03 -0.00
18.07 0.00 0.01 1.00 0.17 0.18 -0.05
18.12 0.02 0.02 0.99 0.35 0.38 -0.11
18.17 0.04 0.04 0.99 0.53 0.60 -0.15
18.22 0.07 0.08 0.98 0.70 0.80 -0.18
18.27 0.11 0.12 0.97 0.86 1.00 -0.18
18.32 0.16 0.18 0.96 1.00 1.17 -0.18
18.37 0.21 0.24 0.95 1.12 1.33 -0.16
18.42 0.27 0.31 0.94 1.23 1.48 -0.14
18.47 0.33 0.39 0.94 1.33 1.61 -0.12
18.52 0.40 0.47 0.93 1.42 1.72 -0.10
18.57 0.48 0.56 0.93 1.50 1.83 -0.08
18.62 0.55 0.66 0.92 1.57 1.92 -0.06
18.67 0.63 0.75 0.92 1.63 2.01 -0.04
18.72 0.71 0.86 0.92 1.69 2.09 -0.03
18.77 0.80 0.96 0.92 1.74 2.15 -0.01
18.82 0.89 1.07 0.92 1.78 2.22 0.00
18.87 0.98 1.18 0.92 1.82 2.27 0.01
18.92 1.07 1.30 0.92 1.86 2.33 0.02
18.97 1.16 1.42 0.92 1.89 2.37 0.03
19.02 1.26 1.54 0.92 1.92 2.41 0.04
19.07 1.36 1.66 0.93 1.95 2.45 0.04
19.12 1.45 1.78 0.93 1.97 2.49 0.05
19.17 1.55 1.91 0.93 1.99 2.52 0.05
19.22 1.65 2.03 0.93 2.01 2.54 0.06
19.27 1.76 2.16 0.94 2.03 2.57 0.06
19.32 1.86 2.29 0.94 2.05 2.59 0.06
19.37 1.96 2.42 0.94 2.06 2.61 0.06
19.42 2.06 2.55 0.95 2.07 2.62 0.07
19.47 2.17 2.68 0.95 2.08 2.64 0.07
19.52 2.27 2.81 0.95 2.09 2.65 0.07
19.57 2.38 2.95 0.96 2.09 2.66 0.07
19.62 2.48 3.08 0.96 2.10 2.67 0.07
19.67 2.59 3.21 0.96 2.10 2.67 0.07
19.72 2.69 3.35 0.97 2.11 2.68 0.07
19.77 2.80 3.48 0.97 2.11 2.68 0.07
19.82 2.90 3.62 0.97 2.11 2.69 0.07
19.87 3.01 3.75 0.98 2.12 2.69 0.07
19.92 3.11 3.88 0.98 2.12 2.69 0.07
19.97 3.22 4.02 0.98 2.11 2.69 0.06
20.02 3.32 4.15 0.99 2.10 2.66 0.06
20.07 3.43 4.28 0.99 2.06 2.61 0.05
20.12 3.53 4.41 0.99 2.00 2.54 0.04
20.17 3.63 4.54 0.99 1.92 2.44 0.02
20.22 3.72 4.66 0.99 1.82 2.31 -0.00
20.27 3.81 4.77 0.99 1.71 2.17 -0.02
20.32 3.89 4.87 0.99 1.59 2.02 -0.05
20.37 3.97 4.97 0.99 1.46 1.85 -0.07
20.42 4.04 5.06 0.98 1.32 1.68 -0.09
20.47 4.10 5.14 0.98 1.18 1.50 -0.10
20.52 4.16 5.21 0.97 1.04 1.31 -0.11
20.57 4.20 5.27 0.97 0.89 1.13 -0.11
20.62 4.25 5.32 0.96 0.75 0.94 -0.11
20.67 4.28 5.36 0.96 0.61 0.76 -0.10
20.72 4.31 5.40 0.95 0.47 0.59 -0.09
20.77 4.33 5.42 0.95 0.33 0.42 -0.08
20.82 4.34 5.44 0.94 0.21 0.26 -0.06
20.87 4.35 5.45 0.94 0.09 0.10 -0.04
20.92 4.35 5.45 0.94 -0.02 -0.03 -0.02
20.97 4.34 5.44 0.94 -0.12 -0.16 -0.00
21.02 4.34 5.43 0.94 -0.21 -0.28 0.02
21.07 4.32 5.42 0.94 -0.29 -0.38 0.04
21.12 4.31 5.39 0.94 -0.36 -0.47 0.05
21.17 4.29 5.37 0.95 -0.42 -0.54 0.07
21.22 4.26 5.34 0.95 -0.47 -0.60 0.08
21.27 4.24 5.31 0.96 -0.51 -0.65 0.09
21.32 4.21 5.28 0.96 -0.54 -0.69 0.10
21.37 4.19 5.24 0.97 -0.56 -0.71 0.10
21.42 4.16 5.20 0.97 -0.57 -0.73 0.10
21.47 4.13 5.17 0.98 -0.58 -0.74 0.10
21.52 4.10 5.13 0.98 -0.57 -0.73 0.10
21.57 4.07 5.10 0.99 -0.57 -0.72 0.09
21.62 4.04 5.06 0.99 -0.55 -0.70 0.09
21.67 4.02 5.02 0.99 -0.53 -0.68 0.08
21.72 3.99 4.99 1.00 -0.51 -0.65 0.07
21.77 3.97 4.96 1.00 -0.48 -0.61 0.06
21.82 3.94 4.93 1.00 -0.45 -0.57 0.05
21.87 3.92 4.90 1.01 -0.41 -0.53 0.04
21.92 3.90 4.88 1.01 -0.38 -0.48 0.03
21.97 3.88 4.86 1.01 -0.34 -0.43 0.03
22.02 3.87 4.84 1.01 -0.30 -0.38 0.02
22.07 3.85 4.82 1.01 -0.26 -0.33 0.01
22.12 3.84 4.80 1.01 -0.22 -0.28 0.01
22.17 3.83 4.79 1.01 -0.18 -0.23 0.00
22.22 3.82 4.78 1.01 -0.14 -0.18 0.00
22.27 3.82 4.77 1.01 -0.10 -0.13 -0.00
22.32 3.81 4.77 1.01 -0.07 -0.09 -0.00
22.37 3.81 4.76 1.01 -0.03 -0.04 -0.00
22.42 3.81 4.76 1.01 -0.00 -0.00 -0.00
22.47 3.81 4.76 1.01 0.03 0.04 -0.00
22.52 3.81 4.77 1.01 0.06 0.07 -0.00
22.57 3.82 4.77 1.01 0.08 0.11 -0.00
22.62 3.82 4.78 1.01 0.11 0.14 -0.00
22.67 3.83 4.78 1.01 0.13 0.16 -0.00
22.72 3.83 4.79 1.01 0.14 0.18 0.00
22.77 3.84 4.80 1.01 0.16 0.20 0.00
22.82 3.85 4.81 1.01 0.17 0.22 0.00
22.87 3.86 4.82 1.01 0.18 0.23 0.00
22.92 3.87 4.84 1.01 0.19 0.24 0.00
22.97 3.88 4.85 1.01 0.19 0.24 0.00
23.02 3.89 4.86 1.01 0.19 0.25 0.00
23.07 3.90 4.87 1.01 0.19 0.25 0.00
23.12 3.91 4.88 1.01 0.19 0.24 0.00
23.17 3.92 4.90 1.01 0.19 0.24 0.00
23.22 3.93 4.91 1.01 0.18 0.23 0.00
23.27 3.93 4.92 1.01 0.18 0.23 0.00
23.32 3.94 4.93 1.01 0.17 0.22 0.00
23.37 3.95 4.94 1.01 0.16 0.20 0.00
23.42 3.96 4.95 1.01 0.15 0.19 0.00
23.47 3.97 4.96 1.01 0.14 0.18 -0.00
23.52 3.97 4.97 1.01 0.13 0.16 -0.00
23.57 3.98 4.98 1.01 0.12 0.15 -0.00
23.62 3.99 4.98 1.01 0.11 0.13 -0.00
23.67 3.99 4.99 1.01 0.10 0.12 -0.00
23.72 3.99 5.00 1.01 0.08 0.10 -0.00
23.77 4.00 5.00 1.01 0.07 0.09 -0.00
23.82 4.00 5.00 1.01 0.06 0.08 -0.00
23.87 4.00 5.01 1.01 0.05 0.06 -0.00
23.92 4.01 5.01 1.01 0.04 0.05 -0.00
23.97 4.01 5.01 1.01 0.03 0.03 -0.00
24.02 4.01 5.01 1.01 0.02 0.02 -0.00
24.07 4.01 5.02 1.01 0.01 0.01 -0.00
24.12 4.01 5.02 1.01 0.00 0.00 -0.00

24.27	4.01	5.01	1.01
24.27	4.00	9.00	1.00
24.30 4.01 5.01 1.01 -0.02 -0.03 -0.00
24.35 4.01 5.01 1.01 -0.03 0.05 -0.01
24.40 4.01 5.02 1.01 -0.03 0.24 -0.04
24.45 4.00 5.04 1.01 -0.03 0.47 -0.08
24.50 4.00 5.07 1.00 -0.03 0.72 -0.11
24.55 4.00 5.11 1.00 -0.03 0.95 -0.13
24.60 4.00 5.16 0.99 -0.03 1.18 -0.13
24.65 4.00 5.23 0.98 -0.04 1.39 -0.13
24.70 4.00 5.30 0.98 -0.04 1.59 -0.12
24.75 3.99 5.39 0.97 -0.04 1.77 -0.11
24.80 3.99 5.48 0.97 -0.04 1.94 -0.10
24.85 3.99 5.58 0.96 -0.04 2.10 -0.08
24.90 3.99 5.69 0.96 -0.04 2.24 -0.06
24.95 3.99 5.80 0.96 -0.04 2.36 -0.04
25.00 3.99 5.92 0.95 -0.03 2.48 -0.03
25.05 3.98 6.05 0.95 -0.03 2.59 -0.01
25.10 3.98 6.18 0.95 -0.03 2.68 0.00
25.15 3.98 6.32 0.95 -0.03 2.77 0.02
25.20 3.98 6.46 0.95 -0.03 2.85 0.03
25.25 3.98 6.60 0.96 -0.03 2.92 0.04
25.30 3.98 6.75 0.96 -0.02 2.98 0.05
25.35 3.98 6.90 0.96 -0.02 3.04 0.06
25.40 3.97 7.06 0.96 -0.02 3.09 0.06
25.45 3.97 7.21 0.97 -0.02 3.14 0.07
25.50 3.97 7.37 0.97 -0.01 3.18 0.07
25.55 3.97 7.53 0.97 -0.01 3.22 0.08
25.60 3.97 7.69 0.98 -0.00 3.25 0.08
25.65 3.97 7.85 0.98 -0.00 3.26 0.08
25.70 3.97 8.02 0.99 0.00 3.24 0.08
25.75 3.97 8.18 0.99 0.01 3.18 0.07
25.80 3.97 8.33 0.99 0.01 3.08 0.06
25.85 3.97 8.49 0.99 0.01 2.96 0.04
25.90 3.97 8.63 1.00 0.02 2.81 0.02
25.95 3.97 8.77 1.00 0.02 2.64 -0.00
26.00 3.98 8.89 1.00 0.02 2.45 -0.03
26.05 3.98 9.01 0.99 0.02 2.25 -0.05
26.10 3.98 9.12 0.99 0.02 2.04 -0.06
26.15 3.98 9.21 0.99 0.02 1.83 -0.08
26.20 3.98 9.30 0.98 0.02 1.61 -0.09
26.25 3.98 9.38 0.98 0.02 1.38 -0.09
26.30 3.98 9.44 0.97 0.02 1.16 -0.09
26.35 3.98 9.49 0.97 0.02 0.94 -0.09
26.40 3.98 9.53 0.97 0.02 0.73 -0.08
26.45 3.99 9.56 0.96 0.02 0.52 -0.07
26.50 3.99 9.58 0.96 0.02 0.33 -0.06
26.55 3.99 9.60 0.96 0.02 0.14 -0.04
26.60 3.99 9.60 0.95 0.02 -0.03 -0.02
26.65 3.99 9.59 0.95 0.02 -0.19 -0.00
26.70 3.99 9.58 0.95 0.02 -0.33 0.01
26.75 3.99 9.56 0.96 0.02 -0.45 0.03
26.80 3.99 9.54 0.96 0.02 -0.56 0.05
26.85 3.99 9.51 0.96 0.02 -0.66 0.06
26.90 4.00 9.47 0.96 0.01 -0.73 0.07
26.95 4.00 9.43 0.97 0.01 -0.80 0.08
27.00 4.00 9.39 0.97 0.01 -0.84 0.09
27.05 4.00 9.35 0.98 0.01 -0.88 0.09
27.10 4.00 9.30 0.98 0.01 -0.90 0.09
27.15 4.00 9.26 0.99 0.01 -0.91 0.09
27.20 4.00 9.21 0.99 0.01 -0.91 0.09
27.25 4.00 9.17 0.99 0.00 -0.90 0.08
27.30 4.00 9.12 1.00 0.00 -0.88 0.08
27.35 4.00 9.08 1.00 0.00 -0.85 0.07
27.40 4.00 9.04 1.01 0.00 -0.81 0.06
27.45 4.00 9.00 1.01 0.00 -0.77 0.06
27.50 4.00 8.96 1.01 -0.00 -0.72 0.05
27.55 4.00 8.93 1.01 -0.00 -0.67 0.04
27.60 4.00 8.89 1.01 -0.00 -0.61 0.03
27.65 4.00 8.87 1.02 -0.00 -0.55 0.02
27.70 4.00 8.84 1.02 -0.00 -0.49 0.02
27.75 4.00 8.82 1.02 -0.00 -0.43 0.01
27.80 4.00 8.80 1.02 -0.00 -0.37 0.01
27.85 4.00 8.78 1.02 -0.00 -0.31 0.00
27.90 4.00 8.77 1.02 -0.00 -0.25 -0.00
27.95 4.00 8.75 1.02 -0.00 -0.19 -0.00
28.00 4.00 8.75 1.02 -0.00 -0.13 -0.00
28.05 4.00 8.74 1.02 -0.00 -0.08 -0.00
28.10 4.00 8.74 1.02 -0.00 -0.03 -0.01
28.15 4.00 8.74 1.02 -0.00 0.02 -0.01
28.20 4.00 8.74 1.02 -0.00 0.07 -0.00
28.25 4.00 8.75 1.02 -0.00 0.11 -0.00
28.30 4.00 8.75 1.02 -0.00 0.14 -0.00
28.35 4.00 8.76 1.02 -0.00 0.18 -0.00
28.40 4.00 8.77 1.02 -0.00 0.20 -0.00
28.45 4.00 8.78 1.02 -0.00 0.23 -0.00
28.50 4.00 8.79 1.02 -0.00 0.25 0.00
28.55 4.00 8.80 1.02 -0.00 0.26 0.00
28.60 4.00 8.82 1.02 -0.00 0.28 0.00
28.65 4.00 8.83 1.02 -0.00 0.28 0.00
28.70 4.00 8.85 1.02 0.00 0.29 0.00
28.75 4.00 8.86 1.02 0.00 0.29 0.00
28.80 4.00 8.88 1.02 0.00 0.29 0.00
28.85 4.00 8.89 1.02 0.00 0.28 0.00
28.90 4.00 8.90 1.02 0.00 0.28 0.00
28.95 4.00 8.92 1.02 0.00 0.27 0.00
29.00 4.00 8.93 1.02 0.00 0.26 0.00
29.05 4.00 8.94 1.02 0.00 0.24 0.00
29.10 4.00 8.95 1.02 0.00 0.23 -0.00
29.15 4.00 8.97 1.02 0.00 0.21 -0.00
29.20 4.00 8.98 1.02 0.00 0.20 -0.00
29.25 4.00 8.98 1.02 0.00 0.18 -0.00
29.30 4.00 8.99 1.02 0.00 0.16 -0.00
29.35 4.00 9.00 1.02 0.00 0.14 -0.00
29.40 4.00 9.01 1.02 0.00 0.12 -0.00
29.45 4.00 9.01 1.02 0.00 0.11 -0.00
29.50 4.00 9.02 1.02 0.00 0.09 -0.00
29.55 4.00 9.02 1.02 0.00 0.07 -0.00
29.60 4.00 9.03 1.02 0.00 0.06 -0.00
29.65 4.00 9.03 1.02 0.00 0.04 -0.00
29.70 4.00 9.03 1.02 0.00 0.03 -0.00
29.75 4.00 9.03 1.02 0.00 0.01 -0.00
29.80 4.00 9.03 1.02 0.00 -0.00 -0.00

29.86	4.00	9.03	1.02
29.86	8.00	9.00	1.00
29.89 4.00 9.03 1.02 0.00 -0.02 -0.00
29.94 4.00 9.03 1.02 0.08 -0.03 -0.01
29.99 4.01 9.03 1.01 0.28 -0.03 -0.04
30.04 4.03 9.03 1.01 0.52 -0.04 -0.08
30.09 4.06 9.02 1.01 0.76 -0.04 -0.11
30.14 4.10 9.02 1.00 1.00 -0.04 -0.13
30.19 4.16 9.02 0.99 1.23 -0.04 -0.13
30.24 4.23 9.02 0.99 1.44 -0.05 -0.13
30.29 4.30 9.01 0.98 1.64 -0.05 -0.12
30.34 4.39 9.01 0.97 1.82 -0.05 -0.11
30.39 4.49 9.01 0.97 1.99 -0.05 -0.09
30.44 4.59 9.01 0.97 2.15 -0.05 -0.08
30.49 4.70 9.00 0.96 2.29 -0.05 -0.06
30.54 4.82 9.00 0.96 2.41 -0.05 -0.04
30.59 4.94 9.00 0.96 2.53 -0.05 -0.02
30.64 5.07 9.00 0.96 2.63 -0.05 -0.01
30.69 5.21 8.99 0.96 2.73 -0.05 0.01
30.74 5.34 8.99 0.96 2.82 -0.05 0.02
30.79 5.49 8.99 0.96 2.89 -0.05 0.03
30.84 5.63 8.99 0.96 2.96 -0.04 0.04
30.89 5.78 8.99 0.96 3.03 -0.04 0.05
30.94 5.94 8.98 0.97 3.08 -0.04 0.06
30.99 6.09 8.98 0.97 3.13 -0.04 0.06
31.04 6.25 8.98 0.97 3.18 -0.03 0.07
31.09 6.41 8.98 0.98 3.22 -0.03 0.07
31.14 6.57 8.98 0.98 3.26 -0.03 0.07
31.19 6.74 8.98 0.98 3.29 -0.02 0.08
31.24 6.90 8.97 0.99 3.29 -0.02 0.08
31.29 7.06 8.97 0.99 3.26 -0.01 0.07
31.34 7.23 8.97 0.99 3.19 -0.01 0.06
31.39 7.38 8.97 1.00 3.08 -0.00 0.05
31.44 7.53 8.97 1.00 2.95 -0.00 0.03
31.49 7.68 8.97 1.00 2.79 0.00 0.01
31.54 7.81 8.97 1.00 2.61 0.01 -0.01
31.59 7.94 8.97 1.00 2.42 0.01 -0.04
31.64 8.05 8.97 1.00 2.22 0.01 -0.06
31.69 8.16 8.98 0.99 2.00 0.01 -0.07
31.74 8.25 8.98 0.99 1.78 0.02 -0.09
31.79 8.34 8.98 0.98 1.56 0.02 -0.09
31.84 8.41 8.98 0.98 1.33 0.02 -0.10
31.89 8.47 8.98 0.98 1.11 0.02 -0.10
31.94 8.52 8.98 0.97 0.89 0.02 -0.09
31.99 8.56 8.98 0.97 0.67 0.02 -0.08
32.04 8.59 8.98 0.96 0.47 0.02 -0.07
32.09 8.61 8.98 0.96 0.27 0.02 -0.05
32.14 8.61 8.98 0.96 0.09 0.02 -0.04
32.19 8.61 8.99 0.96 -0.08 0.02 -0.02
32.24 8.61 8.99 0.96 -0.23 0.02 -0.00
32.29 8.59 8.99 0.96 -0.37 0.02 0.02
32.34 8.57 8.99 0.96 -0.49 0.02 0.04
32.39 8.54 8.99 0.96 -0.60 0.02 0.05
32.44 8.51 8.99 0.96 -0.69 0.02 0.06
32.49 8.47 8.99 0.97 -0.76 0.02 0.08
32.54 8.43 8.99 0.97 -0.82 0.02 0.08
32.59 8.39 8.99 0.97 -0.87 0.02 0.09
32.64 8.35 8.99 0.98 -0.90 0.01 0.09
32.69 8.30 9.00 0.98 -0.92 0.01 0.09
32.74 8.26 9.00 0.99 -0.92 0.01 0.09
32.79 8.21 9.00 0.99 -0.92 0.01 0.09
32.84 8.16 9.00 1.00 -0.91 0.01 0.08
32.89 8.12 9.00 1.00 -0.88 0.01 0.08
32.94 8.08 9.00 1.00 -0.85 0.01 0.07
32.99 8.03 9.00 1.01 -0.81 0.01 0.06
33.04 7.99 9.00 1.01 -0.77 0.00 0.05
33.09 7.96 9.00 1.01 -0.72 0.00 0.05
33.14 7.92 9.00 1.02 -0.66 0.00 0.04
33.19 7.89 9.00 1.02 -0.61 0.00 0.03
33.24 7.86 9.00 1.02 -0.55 0.00 0.02
33.29 7.84 9.00 1.02 -0.49 -0.00 0.02
33.34 7.81 9.00 1.02 -0.42 -0.00 0.01
33.39 7.79 9.00 1.02 -0.36 -0.00 0.01
33.44 7.78 9.00 1.02 -0.30 -0.00 0.00
33.49 7.76 9.00 1.02 -0.24 -0.00 -0.00
33.54 7.75 9.00 1.02 -0.18 -0.00 -0.00
33.59 7.75 9.00 1.02 -0.12 -0.00 -0.00
33.64 7.74 9.00 1.02 -0.07 -0.00 -0.01
33.69 7.74 9.00 1.02 -0.01 -0.00 -0.01
33.74 7.74 9.00 1.02 0.03 -0.00 -0.01
33.79 7.74 9.00 1.02 0.08 -0.00 -0.00
33.84 7.75 9.00 1.02 0.12 -0.00 -0.00
33.89 7.76 9.00 1.02 0.15 -0.00 -0.00
33.94 7.76 9.00 1.02 0.18 -0.00 -0.00
33.99 7.77 9.00 1.02 0.21 -0.00 -0.00
34.04 7.78 9.00 1.02 0.23 -0.00 -0.00
34.09 7.80 9.00 1.02 0.25 -0.00 0.00
34.14 7.81 9.00 1.02 0.27 -0.00 0.00
34.19 7.82 9.00 1.02 0.28 -0.00 0.00
34.24 7.84 9.00 1.02 0.29 -0.00 0.00
34.29 7.85 9.00 1.02 0.29 -0.00 0.00
34.34 7.87 9.00 1.02 0.29 -0.00 0.00
34.39 7.88 9.00 1.02 0.29 -0.00 0.00
34.44 7.90 9.00 1.02 0.28 -0.00 0.00
34.49 7.91 9.00 1.02 0.28 -0.00 0.00
34.54 7.92 9.00 1.02 0.27 0.00 0.00
34.59 7.94 9.00 1.02 0.25 0.00 0.00
34.64 7.95 9.00 1.02 0.24 0.00 -0.00
34.69 7.96 9.00 1.02 0.23 0.00 -0.00
34.74 7.97 9.00 1.02 0.21 0.00 -0.00
34.79 7.98 9.00 1.02 0.19 0.00 -0.00
34.84 7.99 9.00 1.02 0.17 0.00 -0.00
34.89 8.00 9.00 1.02 0.16 0.00 -0.00
34.94 8.01 9.00 1.02 0.14 0.00 -0.00
34.99 8.01 9.00 1.02 0.12 0.00 -0.00
35.04 8.02 9.00 1.02 0.10 0.00 -0.00
35.09 8.02 9.00 1.02 0.08 0.00 -0.00
35.14 8.03 9.00 1.02 0.07 0.00 -0.00
35.19 8.03 9.00 1.02 0.05 0.00 -0.00
35.24 8.03 9.00 1.02 0.04 0.00 -0.00
35.29 8.03 9.00 1.02 0.02 0.00 -0.00
35.34 8.03 9.00 1.02 0.01 0.00 -0.00

35.47	8.03	9.00	1.02
35.47	10.00	13.00	1.00
35.49 8.03 9.00 1.02 -0.03 0.00 -0.00
35.54 8.03 9.00 1.02 -0.02 0.03 -0.00
35.59 8.03 9.00 1.02 0.08 0.19 -0.03
35.64 8.04 9.02 1.01 0.21 0.41 -0.08
35.69 8.05 9.04 1.01 0.34 0.64 -0.12
35.74 8.07 9.08 1.00 0.46 0.86 -0.14
35.79 8.10 9.13 0.99 0.57 1.08 -0.15
35.84 8.13 9.19 0.99 0.67 1.28 -0.14
35.89 8.17 9.26 0.98 0.76 1.46 -0.13
35.94 8.21 9.34 0.97 0.83 1.63 -0.12
35.99 8.25 9.42 0.97 0.90 1.78 -0.10
36.04 8.30 9.51 0.96 0.96 1.92 -0.08
36.09 8.35 9.61 0.96 1.02 2.05 -0.06
36.14 8.40 9.72 0.96 1.07 2.16 -0.04
36.19 8.45 9.83 0.96 1.11 2.26 -0.02
36.24 8.51 9.94 0.96 1.15 2.36 -0.01
36.29 8.57 10.06 0.96 1.19 2.44 0.01
36.34 8.63 10.19 0.96 1.22 2.52 0.02
36.39 8.69 10.32 0.96 1.25 2.59 0.03
36.44 8.75 10.45 0.96 1.27 2.65 0.04
36.49 8.82 10.58 0.96 1.30 2.71 0.05
36.54 8.88 10.72 0.96 1.32 2.76 0.06
36.59 8.95 10.86 0.97 1.34 2.80 0.06
36.64 9.02 11.00 0.97 1.36 2.84 0.07
36.69 9.08 11.14 0.97 1.37 2.88 0.07
36.74 9.15 11.29 0.98 1.39 2.91 0.07
36.79 9.22 11.43 0.98 1.40 2.94 0.07
36.84 9.29 11.58 0.98 1.42 2.97 0.07
36.89 9.36 11.73 0.99 1.43 2.99 0.07
36.94 9.44 11.88 0.99 1.44 3.00 0.07
36.99 9.51 12.03 0.99 1.43 2.99 0.07
37.04 9.58 12.18 1.00 1.42 2.95 0.06
37.09 9.65 12.32 1.00 1.38 2.88 0.05
37.14 9.72 12.47 1.00 1.33 2.78 0.04
37.19 9.78 12.60 1.00 1.27 2.65 0.02
37.24 9.84 12.73 1.00 1.20 2.50 -0.01
37.29 9.90 12.85 1.00 1.13 2.33 -0.03
37.34 9.96 12.96 1.00 1.04 2.16 -0.05
37.39 10.01 13.07 1.00 0.95 1.97 -0.07
37.44 10.05 13.16 0.99 0.86 1.77 -0.09
37.49 10.09 13.24 0.99 0.76 1.56 -0.10
37.54 10.13 13.32 0.99 0.66 1.36 -0.10
37.59 10.16 13.38 0.98 0.56 1.15 -0.11
37.64 10.18 13.43 0.97 0.47 0.95 -0.10
37.69 10.20 13.47 0.97 0.37 0.75 -0.09
37.74 10.22 13.50 0.97 0.28 0.55 -0.08
37.79 10.23 13.53 0.96 0.19 0.37 -0.07
37.84 10.24 13.54 0.96 0.11 0.19 -0.05
37.89 10.24 13.55 0.96 0.03 0.03 -0.03
37.94 10.24 13.54 0.96 -0.04 -0.12 -0.01
37.99 10.24 13.53 0.95 -0.11 -0.26 0.00
38.04 10.23 13.52 0.96 -0.16 -0.38 0.02
38.09 10.22 13.50 0.96 -0.22 -0.48 0.04
38.14 10.21 13.47 0.96 -0.26 -0.57 0.06
38.19 10.20 13.44 0.96 -0.30 -0.65 0.07
38.24 10.18 13.41 0.97 -0.33 -0.71 0.08
38.29 10.16 13.37 0.97 -0.35 -0.76 0.09
38.34 10.15 13.33 0.98 -0.37 -0.80 0.09
38.39 10.13 13.29 0.98 -0.38 -0.82 0.10
38.44 10.11 13.25 0.98 -0.39 -0.84 0.10
38.49 10.09 13.21 0.99 -0.39 -0.84 0.09
38.54 10.07 13.16 0.99 -0.39 -0.83 0.09
38.59 10.05 13.12 1.00 -0.38 -0.81 0.08
38.64 10.03 13.08 1.00 -0.37 -0.79 0.08
38.69 10.01 13.04 1.01 -0.36 -0.76 0.07
38.74 10.00 13.01 1.01 -0.34 -0.72 0.06
38.79 9.98 12.97 1.01 -0.32 -0.68 0.05
38.84 9.96 12.94 1.01 -0.30 -0.63 0.04
38.89 9.95 12.91 1.02 -0.27 -0.58 0.04
38.94 9.94 12.88 1.02 -0.25 -0.53 0.03
38.99 9.92 12.86 1.02 -0.22 -0.47 0.02
39.04 9.91 12.83 1.02 -0.20 -0.42 0.01
39.09 9.90 12.81 1.02 -0.17 -0.36 0.01
39.14 9.90 12.80 1.02 -0.14 -0.30 0.00
39.19 9.89 12.78 1.02 -0.12 -0.25 0.00
39.24 9.88 12.77 1.02 -0.09 -0.19 -0.00
39.29 9.88 12.76 1.02 -0.06 -0.14 -0.00
39.34 9.88 12.76 1.02 -0.04 -0.09 -0.01
39.39 9.88 12.76 1.02 -0.02 -0.04 -0.01
39.44 9.88 12.76 1.02 0.00 0.01 -0.01
39.49 9.88 12.76 1.02 0.02 0.05 -0.01
39.54 9.88 12.76 1.02 0.04 0.09 -0.00
39.59 9.88 12.77 1.02 0.06 0.12 -0.00
39.64 9.88 12.77 1.02 0.07 0.15 -0.00
39.69 9.89 12.78 1.02 0.09 0.18 -0.00
39.75 9.89 12.79 1.02 0.10 0.21 -0.00
39.80 9.90 12.80 1.02 0.11 0.23 0.00
39.85 9.91 12.82 1.02 0.12 0.24 0.00
39.90 9.91 12.83 1.02 0.12 0.25 0.00
39.95 9.92 12.84 1.02 0.13 0.26 0.00
40.00 9.92 12.85 1.02 0.13 0.27 0.00
40.05 9.93 12.87 1.02 0.13 0.27 0.00
40.10 9.94 12.88 1.02 0.13 0.27 0.00
40.15 9.94 12.89 1.02 0.13 0.26 0.00
40.20 9.95 12.91 1.02 0.12 0.26 0.00
40.25 9.96 12.92 1.02 0.12 0.25 0.00
40.30 9.96 12.93 1.02 0.12 0.24 0.00
40.35 9.97 12.94 1.02 0.11 0.23 -0.00
40.40 9.97 12.95 1.02 0.10 0.21 -0.00
40.45 9.98 12.96 1.02 0.10 0.20 -0.00
40.50 9.98 12.97 1.02 0.09 0.18 -0.00
40.55 9.99 12.98 1.02 0.08 0.17 -0.00
40.60 9.99 12.99 1.02 0.07 0.15 -0.00
40.65 9.99 13.00 1.02 0.07 0.13 -0.00
40.70 10.00 13.00 1.02 0.06 0.12 -0.00
40.75 10.00 13.01 1.02 0.05 0.10 -0.00
40.80 10.00 13.01 1.02 0.04 0.09 -0.00
40.85 10.00 13.02 1.02 0.04 0.07 -0.00
40.90 10.01 13.02 1.02 0.03 0.05 -0.00
40.95 10.01 13.02 1.02 0.02 0.04 -0.00
41.00 10.01 13.03 1.02 0.02 0.03 -0.00
41.05 10.01 13.03 1.02 0.01 0.01 -0.00
41.10 10.01 13.03 1.02 0.00 0.00 -0.00

41.23	10.01	13.03	1.02
41.23	9.00	15.00	1.00
41.27 10.01 13.02 1.02 -0.01 -0.03 -0.00
41.32 10.01 13.02 1.02 -0.09 0.08 -0.02
41.37 10.00 13.03 1.01 -0.22 0.27 -0.07
41.42 9.98 13.05 1.01 -0.36 0.49 -0.11
41.47 9.96 13.08 1.00 -0.48 0.72 -0.14
41.52 9.94 13.12 1.00 -0.60 0.94 -0.15
41.57 9.90 13.18 0.99 -0.70 1.14 -0.15
41.62 9.87 13.24 0.98 -0.80 1.34 -0.14
41.67 9.82 13.31 0.97 -0.88 1.51 -0.12
41.72 9.78 13.39 0.97 -0.95 1.67 -0.10
41.77 9.73 13.48 0.97 -1.01 1.82 -0.07
41.82 9.68 13.57 0.96 -1.07 1.96 -0.05
41.87 9.62 13.67 0.96 -1.11 2.08 -0.02
41.92 9.57 13.78 0.96 -1.16 2.19 0.00
41.97 9.51 13.89 0.96 -1.19 2.27 0.02
42.02 9.45 14.01 0.96 -1.20 2.33 0.04
42.07 9.39 14.12 0.96 -1.20 2.35 0.06
42.12 9.33 14.24 0.97 -1.18 2.34 0.08
42.17 9.27 14.36 0.97 -1.15 2.30 0.08
42.22 9.21 14.47 0.98 -1.11 2.24 0.08
42.27 9.16 14.58 0.98 -1.06 2.16 0.08
42.32 9.11 14.69 0.98 -1.00 2.06 0.06
42.37 9.06 14.79 0.99 -0.93 1.94 0.05
42.42 9.01 14.88 0.99 -0.86 1.82 0.04
42.47 8.97 14.97 0.99 -0.79 1.68 0.02
42.52 8.94 15.05 0.99 -0.72 1.54 0.01
42.57 8.90 15.12 0.99 -0.64 1.39 -0.01
42.62 8.87 15.19 0.99 -0.56 1.24 -0.02
42.67 8.85 15.25 0.99 -0.48 1.09 -0.02
42.72 8.82 15.30 0.99 -0.40 0.93 -0.03
42.77 8.81 15.34 0.99 -0.32 0.78 -0.03
42.82 8.79 15.37 0.99 -0.25 0.63 -0.03
42.87 8.78 15.40 0.98 -0.18 0.48 -0.03
42.92 8.77 15.42 0.98 -0.11 0.34 -0.02
42.97 8.77 15.43 0.98 -0.04 0.20 -0.02
43.02 8.77 15.44 0.98 0.02 0.08 -0.01
43.07 8.77 15.44 0.98 0.07 -0.04 -0.00
43.12 8.78 15.44 0.98 0.12 -0.15 0.01
43.17 8.78 15.43 0.98 0.17 -0.24 0.02
43.22 8.79 15.41 0.98 0.20 -0.33 0.03
43.27 8.80 15.40 0.98 0.24 -0.40 0.04
43.32 8.82 15.37 0.99 0.27 -0.47 0.04
43.37 8.83 15.35 0.99 0.29 -0.52 0.05
43.42 8.84 15.32 0.99 0.31 -0.56 0.05
43.47 8.86 15.29 0.99 0.32 -0.60 0.06
43.52 8.88 15.26 1.00 0.33 -0.62 0.06
43.57 8.89 15.23 1.00 0.33 -0.64 0.06
43.62 8.91 15.20 1.00 0.33 -0.64 0.06
43.67 8.93 15.17 1.00 0.33 -0.64 0.05
43.72 8.94 15.13 1.01 0.32 -0.63 0.05
43.77 8.96 15.10 1.01 0.31 -0.62 0.05
43.82 8.97 15.07 1.01 0.30 -0.60 0.04
43.87 8.99 15.04 1.01 0.28 -0.57 0.04
43.92 9.00 15.01 1.02 0.27 -0.55 0.03
43.97 9.01 14.99 1.02 0.25 -0.51 0.03
44.02 9.03 14.96 1.02 0.23 -0.47 0.02
44.07 9.04 14.94 1.02 0.21 -0.44 0.02
44.12 9.05 14.92 1.02 0.18 -0.39 0.01
44.17 9.06 14.90 1.02 0.16 -0.35 0.01
44.22 9.06 14.89 1.02 0.14 -0.31 0.00
44.27 9.07 14.87 1.02 0.12 -0.27 0.00
44.32 9.07 14.86 1.02 0.10 -0.22 -0.00
44.37 9.08 14.85 1.02 0.07 -0.18 -0.00
44.42 9.08 14.84 1.02 0.05 -0.14 -0.00
44.47 9.08 14.83 1.02 0.03 -0.10 -0.00
44.52 9.09 14.83 1.02 0.02 -0.06 -0.01
44.57 9.09 14.83 1.02 -0.00 -0.02 -0.01
44.62 9.09 14.83 1.02 -0.02 0.01 -0.01
44.67 9.08 14.83 1.02 -0.03 0.04 -0.00
44.72 9.08 14.83 1.02 -0.05 0.07 -0.00
44.77 9.08 14.84 1.02 -0.06 0.09 -0.00
44.82 9.08 14.84 1.02 -0.07 0.12 -0.00
44.87 9.07 14.85 1.02 -0.08 0.14 -0.00
44.92 9.07 14.86 1.02 -0.08 0.15 -0.00
44.97 9.06 14.86 1.02 -0.09 0.17 -0.00
45.02 9.06 14.87 1.02 -0.09 0.18 -0.00
45.07 9.06 14.88 1.02 -0.10 0.19 -0.00
45.12 9.05 14.89 1.02 -0.10 0.19 -0.00
45.17 9.05 14.90 1.02 -0.10 0.20 -0.00
45.22 9.04 14.91 1.02 -0.10 0.20 -0.00
45.27 9.04 14.92 1.02 -0.10 0.20 -0.00
45.32 9.03 14.93 1.02 -0.10 0.19 -0.00
45.37 9.03 14.94 1.02 -0.09 0.19 -0.00
45.42 9.02 14.95 1.02 -0.09 0.18 -0.00
45.47 9.02 14.96 1.02 -0.08 0.17 -0.00
45.52 9.01 14.97 1.02 -0.08 0.17 -0.00
45.57 9.01 14.97 1.02 -0.07 0.16 -0.00
45.62 9.00 14.98 1.02 -0.07 0.15 -0.00
45.67 9.00 14.99 1.02 -0.06 0.13 -0.00
45.72 9.00 15.00 1.02 -0.06 0.12 -0.00
45.77 9.00 15.00 1.02 -0.05 0.11 -0.00
45.82 8.99 15.01 1.02 -0.04 0.10 -0.00
45.87 8.99 15.01 1.02 -0.04 0.08 -0.00
45.92 8.99 15.01 1.02 -0.03 0.07 -0.00
45.97 8.99 15.02 1.02 -0.02 0.06 -0.00
46.02 8.99 15.02 1.02 -0.02 0.05 -0.00
46.07 8.99 15.02 1.02 -0.01 0.04 -0.00
46.12 8.99 15.02 1.02 -0.01 0.03 -0.00
46.17 8.99 15.03 1.02 -0.00 0.02 -0.00
46.22 8.99 15.03 1.02 0.00 0.01 -0.00

46.47	8.99	15.02	1.02
46.47	8.00	17.00	1.00
46.51 8.99 15.02 1.01 0.02 -0.03 -0.00
46.56 8.99 15.02 1.01 0.00 -0.01 -0.00
46.61 8.99 15.02 1.01 -0.10 0.15 -0.04
46.66 8.98 15.04 1.01 -0.23 0.36 -0.09
46.71 8.96 15.06 1.01 -0.37 0.59 -0.13
46.76 8.94 15.09 1.00 -0.49 0.81 -0.15
46.81 8.92 15.14 0.99 -0.60 1.03 -0.15
46.86 8.88 15.20 0.98 -0.70 1.23 -0.15
46.91 8.85 15.26 0.98 -0.78 1.42 -0.13
46.96 8.80 15.34 0.97 -0.86 1.59 -0.11
47.01 8.76 15.42 0.96 -0.93 1.75 -0.09
47.06 8.71 15.51 0.96 -0.99 1.89 -0.06
47.11 8.66 15.61 0.96 -1.04 2.02 -0.04
47.16 8.61 15.72 0.96 -1.09 2.14 -0.01
47.21 8.55 15.83 0.96 -1.13 2.24 0.01
47.26 8.49 15.94 0.96 -1.16 2.31 0.03
47.31 8.44 16.06 0.96 -1.17 2.36 0.05
47.36 8.38 16.17 0.96 -1.16 2.36 0.07
47.41 8.32 16.29 0.97 -1.14 2.34 0.08
47.46 8.26 16.41 0.97 -1.11 2.29 0.08
47.51 8.21 16.52 0.98 -1.07 2.22 0.08
47.56 8.16 16.63 0.98 -1.02 2.13 0.07
47.61 8.11 16.73 0.98 -0.96 2.02 0.06
47.66 8.06 16.83 0.99 -0.90 1.91 0.05
47.71 8.02 16.92 0.99 -0.83 1.77 0.03
47.76 7.98 17.01 0.99 -0.76 1.64 0.02
47.81 7.94 17.09 0.99 -0.68 1.49 0.00
47.86 7.91 17.16 0.99 -0.61 1.34 -0.01
47.91 7.88 17.22 0.99 -0.53 1.18 -0.02
47.96 7.86 17.28 0.99 -0.46 1.03 -0.03
48.01 7.84 17.32 0.99 -0.38 0.87 -0.03
48.06 7.82 17.36 0.98 -0.31 0.72 -0.03
48.11 7.81 17.40 0.98 -0.23 0.57 -0.03
48.16 7.80 17.42 0.98 -0.16 0.42 -0.03
48.21 7.79 17.44 0.98 -0.10 0.28 -0.02
48.26 7.79 17.45 0.98 -0.04 0.15 -0.01
48.31 7.79 17.45 0.98 0.02 0.03 -0.01
48.36 7.79 17.45 0.98 0.07 -0.09 0.00
48.41 7.79 17.44 0.98 0.12 -0.19 0.01
48.46 7.80 17.43 0.98 0.16 -0.28 0.02
48.51 7.81 17.42 0.98 0.20 -0.37 0.03
48.56 7.82 17.40 0.98 0.23 -0.44 0.04
48.61 7.83 17.37 0.98 0.26 -0.50 0.05
48.66 7.85 17.35 0.99 0.28 -0.55 0.05
48.71 7.86 17.32 0.99 0.30 -0.59 0.05
48.76 7.88 17.29 0.99 0.31 -0.62 0.06
48.81 7.89 17.26 1.00 0.31 -0.64 0.06
48.86 7.91 17.22 1.00 0.32 -0.65 0.06
48.91 7.92 17.19 1.00 0.32 -0.65 0.06
48.96 7.94 17.16 1.00 0.31 -0.65 0.05
49.01 7.95 17.13 1.01 0.30 -0.64 0.05
49.06 7.97 17.09 1.01 0.29 -0.62 0.04
49.11 7.98 17.06 1.01 0.28 -0.60 0.04
49.16 8.00 17.04 1.01 0.27 -0.57 0.03
49.21 8.01 17.01 1.01 0.25 -0.54 0.03
49.26 8.02 16.98 1.02 0.23 -0.50 0.02
49.31 8.03 16.96 1.02 0.21 -0.46 0.02
49.36 8.04 16.94 1.02 0.19 -0.42 0.01
49.41 8.05 16.92 1.02 0.17 -0.38 0.01
49.46 8.06 16.90 1.02 0.15 -0.34 0.01
49.51 8.07 16.88 1.02 0.13 -0.29 0.00
49.56 8.07 16.87 1.02 0.11 -0.25 0.00
49.61 8.08 16.86 1.02 0.09 -0.21 -0.00
49.66 8.08 16.85 1.02 0.07 -0.17 -0.00
49.71 8.08 16.84 1.02 0.05 -0.12 -0.00
49.76 8.09 16.83 1.02 0.03 -0.08 -0.00
49.81 8.09 16.83 1.02 0.01 -0.05 -0.00
49.86 8.09 16.83 1.02 -0.01 -0.01 -0.00
49.91 8.09 16.83 1.02 -0.02 0.02 -0.00
49.96 8.09 16.83 1.02 -0.04 0.05 -0.00
50.01 8.08 16.84 1.02 -0.05 0.08 -0.00
50.06 8.08 16.84 1.02 -0.06 0.10 -0.00
50.11 8.08 16.85 1.02 -0.07 0.13 -0.00
50.16 8.07 16.85 1.02 -0.08 0.14 -0.00
50.21 8.07 16.86 1.02 -0.08 0.16 -0.00
50.26 8.07 16.87 1.02 -0.09 0.17 -0.00
50.31 8.06 16.88 1.02 -0.09 0.18 -0.00
50.36 8.06 16.89 1.02 -0.10 0.19 -0.00
50.41 8.05 16.90 1.02 -0.10 0.20 0.00
50.46 8.05 16.91 1.02 -0.10 0.20 0.00
50.51 8.04 16.92 1.02 -0.10 0.20 0.00
50.56 8.04 16.93 1.02 -0.10 0.20 -0.00
50.61 8.03 16.94 1.02 -0.09 0.19 -0.00
50.66 8.03 16.94 1.02 -0.09 0.19 -0.00
50.71 8.02 16.95 1.02 -0.09 0.18 -0.00
50.76 8.02 16.96 1.02 -0.08 0.17 -0.00
50.81 8.01 16.97 1.02 -0.08 0.16 -0.00
50.86 8.01 16.98 1.02 -0.07 0.15 -0.00
50.91 8.01 16.99 1.02 -0.07 0.14 -0.00
50.96 8.00 16.99 1.02 -0.06 0.13 -0.00
51.01 8.00 17.00 1.02 -0.05 0.12 -0.00
51.06 8.00 17.00 1.02 -0.05 0.10 -0.00
51.11 8.00 17.01 1.02 -0.04 0.09 -0.00
51.16 7.99 17.01 1.02 -0.04 0.08 -0.00
51.21 7.99 17.02 1.02 -0.03 0.07 -0.00
51.26 7.99 17.02 1.02 -0.02 0.05 -0.00
51.31 7.99 17.02 1.02 -0.02 0.04 -0.00
51.36 7.99 17.03 1.02 -0.01 0.03 -0.00
51.41 7.99 17.03 1.02 -0.01 0.02 -0.00
51.46 7.99 17.03 1.02 -0.00 0.01 -0.00
51.51 7.99 17.03 1.01 0.00 0.00 -0.00

51.73	7.99	17.03	1.01
51.73	7.00	19.00	1.00
51.75 7.99 17.02 1.01 0.02 -0.03 -0.00
51.80 7.99 17.02 1.01 0.01 -0.02 -0.00
51.85 7.99 17.02 1.01 -0.08 0.11 -0.03
51.90 7.98 17.03 1.01 -0.21 0.32 -0.08
51.95 7.97 17.06 1.01 -0.34 0.54 -0.12
52.00 7.95 17.09 1.00 -0.47 0.77 -0.15
52.05 7.92 17.13 0.99 -0.58 0.99 -0.15
52.10 7.89 17.19 0.98 -0.68 1.19 -0.15
52.15 7.85 17.25 0.98 -0.77 1.38 -0.14
52.20 7.81 17.33 0.97 -0.85 1.56 -0.12
52.25 7.77 17.41 0.96 -0.92 1.72 -0.09
52.30 7.72 17.50 0.96 -0.98 1.86 -0.07
52.35 7.67 17.59 0.96 -1.03 2.00 -0.04
52.40 7.62 17.70 0.96 -1.08 2.12 -0.02
52.45 7.56 17.81 0.96 -1.12 2.22 0.01
52.50 7.51 17.92 0.96 -1.15 2.30 0.03
52.55 7.45 18.04 0.96 -1.17 2.35 0.05
52.60 7.39 18.15 0.96 -1.16 2.36 0.07
52.65 7.33 18.27 0.97 -1.15 2.35 0.08
52.70 7.28 18.39 0.97 -1.12 2.30 0.08
52.75 7.22 18.50 0.97 -1.08 2.23 0.08
52.80 7.17 18.61 0.98 -1.03 2.15 0.08
52.85 7.12 18.72 0.98 -0.97 2.05 0.06
52.90 7.07 18.81 0.98 -0.91 1.93 0.05
52.95 7.03 18.91 0.99 -0.84 1.80 0.04
53.00 6.99 18.99 0.99 -0.77 1.66 0.02
53.05 6.95 19.07 0.99 -0.70 1.52 0.01
53.10 6.92 19.15 0.99 -0.62 1.37 -0.01
53.15 6.89 19.21 0.99 -0.55 1.21 -0.02
53.20 6.86 19.27 0.99 -0.47 1.06 -0.02
53.25 6.84 19.32 0.99 -0.39 0.90 -0.03
53.30 6.82 19.36 0.98 -0.32 0.75 -0.03
53.35 6.81 19.39 0.98 -0.25 0.59 -0.03
53.40 6.80 19.42 0.98 -0.18 0.45 -0.03
53.45 6.79 19.43 0.98 -0.11 0.31 -0.02
53.50 6.79 19.45 0.98 -0.05 0.17 -0.02
53.55 6.79 19.45 0.98 0.01 0.05 -0.01
53.60 6.79 19.45 0.98 0.06 -0.07 0.00
53.65 6.79 19.45 0.98 0.11 -0.17 0.01
53.70 6.80 19.43 0.98 0.16 -0.27 0.02
53.75 6.81 19.42 0.98 0.19 -0.35 0.03
53.80 6.82 19.40 0.98 0.23 -0.42 0.04
53.85 6.83 19.38 0.98 0.25 -0.49 0.04
53.90 6.84 19.35 0.99 0.28 -0.54 0.05
53.95 6.86 19.32 0.99 0.29 -0.58 0.05
54.00 6.87 19.29 0.99 0.30 -0.61 0.06
54.05 6.89 19.26 0.99 0.31 -0.63 0.06
54.10 6.90 19.23 1.00 0.32 -0.65 0.06
54.15 6.92 19.20 1.00 0.32 -0.65 0.06
54.20 6.94 19.16 1.00 0.31 -0.65 0.05
54.25 6.95 19.13 1.01 0.31 -0.64 0.05
54.30 6.97 19.10 1.01 0.30 -0.62 0.05
54.35 6.98 19.07 1.01 0.28 -0.60 0.04
54.40 7.00 19.04 1.01 0.27 -0.58 0.04
54.45 7.01 19.01 1.01 0.25 -0.54 0.03
54.50 7.02 18.99 1.02 0.24 -0.51 0.03
54.55 7.03 18.96 1.02 0.22 -0.47 0.02
54.60 7.04 18.94 1.02 0.20 -0.43 0.02
54.65 7.05 18.92 1.02 0.17 -0.39 0.01
54.70 7.06 18.90 1.02 0.15 -0.35 0.01
54.75 7.07 18.88 1.02 0.13 -0.30 0.00
54.80 7.07 18.87 1.02 0.11 -0.26 0.00
54.85 7.08 18.86 1.02 0.09 -0.22 -0.00
54.90 7.08 18.85 1.02 0.07 -0.17 -0.00
54.95 7.08 18.84 1.02 0.05 -0.13 -0.00
55.00 7.09 18.84 1.02 0.03 -0.09 -0.00
55.05 7.09 18.83 1.02 0.01 -0.05 -0.00
55.10 7.09 18.83 1.02 -0.00 -0.02 -0.00
55.15 7.09 18.83 1.02 -0.02 0.01 -0.00
55.20 7.09 18.83 1.02 -0.03 0.05 -0.00
55.25 7.08 18.83 1.02 -0.05 0.07 -0.00
55.30 7.08 18.84 1.02 -0.06 0.10 -0.00
55.35 7.08 18.84 1.02 -0.07 0.12 -0.00
55.40 7.07 18.85 1.02 -0.08 0.14 -0.00
55.45 7.07 18.86 1.02 -0.08 0.16 -0.00
55.50 7.07 18.87 1.02 -0.09 0.17 -0.00
55.55 7.06 18.88 1.02 -0.09 0.18 -0.00
55.60 7.06 18.88 1.02 -0.10 0.19 -0.00
55.65 7.05 18.89 1.02 -0.10 0.19 0.00
55.70 7.05 18.90 1.02 -0.10 0.20 0.00
55.75 7.04 18.91 1.02 -0.10 0.20 0.00
55.80 7.04 18.92 1.02 -0.10 0.20 0.00
55.85 7.03 18.93 1.02 -0.09 0.19 -0.00
55.90 7.03 18.94 1.02 -0.09 0.19 -0.00
55.95 7.02 18.95 1.02 -0.09 0.18 -0.00
56.00 7.02 18.96 1.02 -0.08 0.17 -0.00
56.05 7.02 18.97 1.02 -0.08 0.16 -0.00
56.10 7.01 18.98 1.02 -0.07 0.15 -0.00
56.15 7.01 18.99 1.02 -0.07 0.14 -0.00
56.20 7.00 18.99 1.02 -0.06 0.13 -0.00
56.25 7.00 19.00 1.02 -0.06 0.12 -0.00
56.30 7.00 19.00 1.02 -0.05 0.11 -0.00
56.35 7.00 19.01 1.02 -0.04 0.09 -0.00
56.40 6.99 19.01 1.02 -0.04 0.08 -0.00
56.45 6.99 19.02 1.02 -0.03 0.07 -0.00
56.50 6.99 19.02 1.02 -0.03 0.06 -0.00
56.55 6.99 19.02 1.02 -0.02 0.05 -0.00
56.60 6.99 19.02 1.02 -0.01 0.03 -0.00
56.65 6.99 19.03 1.01 -0.01 0.02 -0.00
56.70 6.99 19.03 1.01 -0.00 0.01 -0.00
56.75 6.99 19.03 1.01 -0.00 0.00 -0.00

