29.78	0.00	-0.00	1.00
29.78	4.00	5.00	1.00
29.83 0.00 0.00 1.00 0.01 0.01 -0.00
29.88 0.00 0.00 1.00 0.15 0.14 -0.04
29.93 0.02 0.02 1.00 0.36 0.33 -0.11
29.98 0.04 0.04 0.99 0.61 0.52 -0.17
30.03 0.08 0.07 0.98 0.87 0.73 -0.22
30.08 0.13 0.11 0.97 1.15 0.94 -0.25
30.13 0.19 0.16 0.95 1.43 1.16 -0.27
30.18 0.27 0.23 0.94 1.71 1.38 -0.28
30.23 0.36 0.30 0.93 1.98 1.63 -0.28
30.28 0.47 0.39 0.91 2.25 1.89 -0.27
30.33 0.59 0.49 0.90 2.51 2.16 -0.26
30.38 0.72 0.61 0.89 2.75 2.45 -0.24
30.43 0.86 0.74 0.87 2.99 2.75 -0.22
30.48 1.02 0.88 0.86 3.22 3.06 -0.19
30.53 1.19 1.04 0.86 3.44 3.37 -0.17
30.58 1.36 1.22 0.85 3.64 3.70 -0.14
30.63 1.55 1.41 0.84 3.82 4.04 -0.11
30.68 1.74 1.62 0.84 3.96 4.38 -0.09
30.73 1.95 1.85 0.83 4.08 4.74 -0.06
30.78 2.15 2.10 0.83 4.22 5.09 -0.05
30.83 2.37 2.36 0.83 4.35 5.43 -0.03
30.88 2.59 2.64 0.83 4.44 5.74 0.01
30.93 2.81 2.93 0.83 4.48 5.96 0.08
30.98 3.03 3.23 0.84 4.46 6.08 0.15
31.03 3.26 3.54 0.84 4.37 6.09 0.20
31.08 3.47 3.84 0.86 4.23 6.02 0.23
31.13 3.68 4.14 0.87 4.06 5.88 0.21
31.18 3.88 4.43 0.88 3.86 5.68 0.17
31.23 4.06 4.71 0.88 3.64 5.44 0.12
31.28 4.24 4.97 0.89 3.40 5.17 0.05
31.33 4.40 5.22 0.89 3.15 4.88 -0.00
31.38 4.55 5.46 0.89 2.92 4.58 -0.04
31.43 4.69 5.68 0.89 2.68 4.27 -0.06
31.48 4.82 5.89 0.88 2.46 3.96 -0.07
31.53 4.94 6.08 0.88 2.24 3.65 -0.07
31.58 5.05 6.25 0.87 2.02 3.34 -0.07
31.63 5.14 6.41 0.87 1.81 3.02 -0.07
31.68 5.23 6.55 0.87 1.61 2.71 -0.06
31.73 5.30 6.68 0.87 1.42 2.38 -0.05
31.78 5.37 6.79 0.86 1.23 2.06 -0.04
31.83 5.43 6.89 0.86 1.05 1.73 -0.03
31.88 5.47 6.96 0.86 0.87 1.41 -0.02
31.93 5.51 7.03 0.86 0.68 1.09 -0.01
31.98 5.54 7.07 0.86 0.49 0.78 -0.01
32.03 5.56 7.10 0.86 0.30 0.46 0.00
32.08 5.57 7.12 0.86 0.11 0.15 0.01
32.13 5.57 7.12 0.86 -0.10 -0.15 0.01
32.18 5.56 7.10 0.86 -0.31 -0.45 0.02
32.23 5.54 7.07 0.86 -0.53 -0.75 0.02
32.28 5.51 7.03 0.86 -0.75 -1.04 0.02
32.33 5.46 6.97 0.86 -0.97 -1.33 0.02
32.38 5.41 6.90 0.86 -1.20 -1.61 0.03
32.43 5.34 6.81 0.87 -1.43 -1.90 0.03
32.48 5.27 6.71 0.87 -1.65 -2.17 0.03
32.53 5.18 6.59 0.87 -1.85 -2.42 0.06
32.58 5.08 6.46 0.87 -2.02 -2.63 0.09
32.63 4.98 6.33 0.88 -2.15 -2.79 0.14
32.68 4.87 6.19 0.89 -2.23 -2.89 0.19
32.73 4.76 6.04 0.90 -2.28 -2.95 0.23
32.78 4.64 5.89 0.91 -2.29 -2.96 0.26
32.83 4.53 5.74 0.92 -2.27 -2.94 0.28
32.88 4.41 5.60 0.94 -2.23 -2.88 0.28
32.93 4.30 5.46 0.95 -2.16 -2.79 0.27
32.98 4.20 5.32 0.96 -2.08 -2.68 0.24
33.03 4.10 5.19 0.98 -1.98 -2.56 0.21
33.08 4.00 5.06 0.98 -1.87 -2.41 0.18
33.13 3.91 4.95 0.99 -1.74 -2.25 0.14
33.18 3.83 4.84 1.00 -1.61 -2.08 0.10
33.23 3.75 4.74 1.00 -1.47 -1.90 0.06
33.28 3.68 4.65 1.00 -1.32 -1.72 0.02
33.33 3.62 4.57 1.00 -1.17 -1.52 -0.00
33.38 3.56 4.50 1.00 -1.02 -1.32 -0.03
33.43 3.52 4.44 1.00 -0.86 -1.12 -0.04
33.48 3.48 4.39 1.00 -0.70 -0.92 -0.05
33.53 3.45 4.34 1.00 -0.55 -0.72 -0.06
33.58 3.42 4.31 0.99 -0.40 -0.53 -0.06
33.63 3.41 4.29 0.99 -0.26 -0.34 -0.05
33.68 3.40 4.28 0.99 -0.12 -0.16 -0.04
33.73 3.39 4.28 0.99 0.01 0.00 -0.03
33.78 3.40 4.28 0.99 0.13 0.16 -0.01
33.83 3.41 4.29 0.99 0.24 0.30 0.01
33.88 3.42 4.31 0.99 0.34 0.43 0.03
33.93 3.44 4.33 0.99 0.43 0.54 0.04
33.98 3.46 4.36 0.99 0.50 0.63 0.06
34.03 3.49 4.40 1.00 0.57 0.72 0.08
34.08 3.52 4.43 1.00 0.62 0.78 0.09
34.13 3.55 4.48 1.00 0.66 0.84 0.10
34.18 3.59 4.52 1.01 0.69 0.87 0.11
34.23 3.62 4.56 1.01 0.71 0.90 0.11
34.28 3.66 4.61 1.02 0.72 0.91 0.11
34.33 3.69 4.65 1.03 0.73 0.92 0.11
34.38 3.73 4.70 1.03 0.72 0.91 0.10
34.43 3.77 4.74 1.04 0.71 0.90 0.10
34.48 3.80 4.79 1.04 0.69 0.87 0.09
34.53 3.84 4.83 1.04 0.67 0.84 0.08
34.58 3.87 4.87 1.05 0.64 0.80 0.07
34.63 3.90 4.91 1.05 0.61 0.76 0.06
34.68 3.93 4.95 1.05 0.57 0.71 0.05
34.73 3.96 4.98 1.06 0.53 0.66 0.04
34.78 3.98 5.01 1.06 0.49 0.60 0.03
34.83 4.00 5.04 1.06 0.44 0.55 0.02
34.88 4.03 5.07 1.06 0.40 0.49 0.01
34.93 4.04 5.09 1.06 0.35 0.43 0.00
34.98 4.06 5.11 1.06 0.30 0.37 -0.00
35.03 4.07 5.13 1.06 0.26 0.31 -0.01
35.08 4.09 5.14 1.06 0.21 0.25 -0.01
35.13 4.09 5.15 1.06 0.17 0.19 -0.01
35.18 4.10 5.16 1.06 0.12 0.14 -0.01
35.23 4.11 5.17 1.06 0.08 0.09 -0.01
35.28 4.11 5.17 1.06 0.05 0.04 -0.01
35.33 4.11 5.17 1.06 0.01 -0.00 -0.01
35.38 4.11 5.17 1.06 -0.02 -0.05 -0.01
35.43 4.11 5.17 1.05 -0.05 -0.08 -0.01
35.48 4.11 5.16 1.05 -0.08 -0.12 -0.01
35.53 4.10 5.16 1.05 -0.10 -0.15 -0.01
35.58 4.10 5.15 1.05 -0.12 -0.17 -0.01
35.63 4.09 5.14 1.05 -0.14 -0.19 -0.00
35.68 4.08 5.13 1.05 -0.15 -0.21 -0.00
35.73 4.07 5.12 1.05 -0.17 -0.23 -0.00
35.78 4.07 5.11 1.05 -0.17 -0.24 -0.00
35.83 4.06 5.09 1.05 -0.18 -0.24 -0.00
35.88 4.05 5.08 1.05 -0.18 -0.25 -0.00
35.93 4.04 5.07 1.05 -0.18 -0.25 -0.00
35.98 4.03 5.06 1.05 -0.18 -0.25 -0.00
36.03 4.02 5.04 1.05 -0.18 -0.24 -0.00
36.08 4.01 5.03 1.05 -0.17 -0.23 -0.00
36.13 4.00 5.02 1.05 -0.17 -0.23 -0.00
36.18 4.00 5.01 1.05 -0.16 -0.21 -0.00
36.23 3.99 5.00 1.05 -0.15 -0.20 -0.00
36.28 3.98 4.99 1.05 -0.14 -0.19 -0.01
36.33 3.97 4.98 1.05 -0.13 -0.17 -0.01
36.38 3.97 4.97 1.05 -0.12 -0.16 -0.01
36.43 3.96 4.96 1.05 -0.10 -0.14 -0.01
36.48 3.96 4.96 1.05 -0.09 -0.12 -0.01
36.53 3.95 4.95 1.05 -0.08 -0.11 -0.01
36.58 3.95 4.95 1.05 -0.07 -0.09 -0.01
36.63 3.95 4.94 1.05 -0.05 -0.07 -0.01
36.68 3.94 4.94 1.05 -0.04 -0.06 -0.01
36.73 3.94 4.94 1.05 -0.03 -0.04 -0.01
36.78 3.94 4.94 1.05 -0.02 -0.03 -0.01
36.83 3.94 4.93 1.05 -0.01 -0.01 -0.01
36.88 3.94 4.93 1.05 0.00 -0.00 -0.01
36.93 3.94 4.93 1.05 0.01 0.01 -0.01
36.98 3.94 4.94 1.05 0.02 0.02 -0.01
37.03 3.94 4.94 1.04 0.03 0.03 -0.01
37.08 3.94 4.94 1.04 0.04 0.04 -0.01
37.13 3.95 4.94 1.04 0.04 0.05 -0.01
37.18 3.95 4.94 1.04 0.05 0.06 -0.01
37.23 3.95 4.95 1.04 0.05 0.06 -0.01
37.28 3.95 4.95 1.04 0.05 0.07 -0.01
37.33 3.96 4.95 1.04 0.06 0.07 -0.01
37.38 3.96 4.96 1.04 0.06 0.07 -0.01
37.43 3.96 4.96 1.04 0.06 0.07 -0.01
37.48 3.96 4.96 1.04 0.06 0.08 -0.01
37.53 3.97 4.97 1.04 0.06 0.08 -0.01
37.58 3.97 4.97 1.04 0.06 0.07 -0.01
37.63 3.97 4.98 1.04 0.06 0.07 -0.01
37.68 3.98 4.98 1.04 0.06 0.07 -0.01
37.73 3.98 4.98 1.04 0.06 0.07 -0.01
37.78 3.98 4.99 1.04 0.05 0.06 -0.01
37.83 3.98 4.99 1.04 0.05 0.06 -0.01
37.88 3.99 4.99 1.04 0.05 0.06 -0.01
37.93 3.99 4.99 1.04 0.04 0.05 -0.01
37.98 3.99 5.00 1.04 0.04 0.05 -0.01
38.03 3.99 5.00 1.04 0.04 0.04 -0.01
38.08 4.00 5.00 1.04 0.03 0.04 -0.01
38.13 4.00 5.00 1.04 0.03 0.03 -0.01
38.18 4.00 5.01 1.04 0.03 0.03 -0.01
38.23 4.00 5.01 1.04 0.02 0.02 -0.01
38.28 4.00 5.01 1.04 0.02 0.02 -0.01
38.33 4.00 5.01 1.03 0.01 0.02 -0.01
38.38 4.00 5.01 1.03 0.01 0.01 -0.01
38.43 4.00 5.01 1.03 0.01 0.01 -0.01
38.48 4.00 5.01 1.03 0.01 0.00 -0.01
38.53 4.00 5.01 1.03 0.00 0.00 -0.01
38.58 4.00 5.01 1.03 0.00 -0.00 -0.01
38.63 4.00 5.01 1.03 -0.00 -0.01 -0.01
38.68 4.00 5.01 1.03 -0.00 -0.01 -0.01
38.73 4.00 5.01 1.03 -0.01 -0.01 -0.01
38.78 4.00 5.01 1.03 -0.01 -0.01 -0.01
38.83 4.00 5.01 1.03 -0.01 -0.01 -0.01
38.88 4.00 5.01 1.03 -0.01 -0.02 -0.01
38.93 4.00 5.01 1.03 -0.01 -0.02 -0.01
38.98 4.00 5.01 1.03 -0.01 -0.02 -0.01
39.03 4.00 5.00 1.03 -0.01 -0.02 -0.01
39.08 4.00 5.00 1.03 -0.01 -0.02 -0.01
39.13 4.00 5.00 1.03 -0.01 -0.02 -0.01
39.18 4.00 5.00 1.03 -0.01 -0.02 -0.01
39.23 4.00 5.00 1.03 -0.01 -0.02 -0.01
39.28 4.00 5.00 1.03 -0.01 -0.02 -0.01
39.33 4.00 5.00 1.03 -0.01 -0.02 -0.01
39.38 4.00 5.00 1.03 -0.01 -0.02 -0.01
39.43 4.00 5.00 1.03 -0.01 -0.01 -0.01
39.48 3.99 5.00 1.03 -0.01 -0.01 -0.01
39.53 3.99 5.00 1.03 -0.01 -0.01 -0.01
39.58 3.99 5.00 1.03 -0.01 -0.01 -0.01
39.63 3.99 5.00 1.03 -0.01 -0.01 -0.01
39.68 3.99 4.99 1.03 -0.01 -0.01 -0.01
39.73 3.99 4.99 1.03 -0.00 -0.01 -0.01
39.78 3.99 4.99 1.03 -0.00 -0.01 -0.01
39.83 3.99 4.99 1.03 -0.00 -0.00 -0.01
39.88 3.99 4.99 1.03 -0.00 -0.00 -0.01
39.93 3.99 4.99 1.03 -0.00 -0.00 -0.01
39.98 3.99 4.99 1.03 0.00 -0.00 -0.00
40.03 3.99 4.99 1.02 0.00 -0.00 -0.00
40.08 3.99 4.99 1.02 0.00 0.00 -0.00
40.13 3.99 4.99 1.02 0.00 0.00 -0.00
40.18 3.99 4.99 1.02 0.00 0.00 -0.00
40.23 3.99 4.99 1.02 0.00 0.00 -0.00
40.28 3.99 4.99 1.02 0.00 0.00 -0.00
40.33 3.99 4.99 1.02 0.00 0.00 -0.00
40.38 3.99 4.99 1.02 0.00 0.01 -0.00
40.43 3.99 4.99 1.02 0.01 0.01 -0.00
40.48 3.99 4.99 1.02 0.01 0.01 -0.00
40.53 3.99 5.00 1.02 0.01 0.01 -0.00
40.58 3.99 5.00 1.02 0.01 0.01 -0.00
40.63 3.99 5.00 1.02 0.01 0.01 -0.00
40.68 4.00 5.00 1.02 0.01 0.01 -0.00
40.73 4.00 5.00 1.02 0.01 0.01 -0.00
40.78 4.00 5.00 1.02 0.01 0.01 -0.00
40.83 4.00 5.00 1.02 0.01 0.01 -0.00
40.88 4.00 5.00 1.02 0.01 0.01 -0.00
40.93 4.00 5.00 1.02 0.01 0.01 -0.00
40.98 4.00 5.00 1.02 0.00 0.01 -0.00
41.03 4.00 5.00 1.02 0.00 0.01 -0.00
41.08 4.00 5.00 1.02 0.00 0.00 -0.00
41.13 4.00 5.00 1.02 0.00 0.00 -0.00
41.18 4.00 5.00 1.02 0.00 0.00 -0.00
41.23 4.00 5.00 1.02 0.00 0.00 -0.00
41.28 4.00 5.00 1.02 0.00 0.00 -0.00
41.33 4.00 5.00 1.02 0.00 0.00 -0.00
41.38 4.00 5.00 1.02 0.00 0.00 -0.00
41.43 4.00 5.00 1.02 0.00 0.00 -0.00
41.48 4.00 5.00 1.02 0.00 0.00 -0.00
41.53 4.00 5.00 1.02 0.00 0.00 -0.00
41.58 4.00 5.00 1.02 0.00 0.00 -0.00
41.63 4.00 5.00 1.02 0.00 0.00 -0.00
41.68 4.00 5.00 1.02 0.00 0.00 -0.00
41.73 4.00 5.00 1.02 0.00 0.00 -0.00
41.78 4.00 5.00 1.02 0.00 0.00 -0.00
41.83 4.00 5.00 1.02 0.00 -0.00 -0.00
41.88 4.00 5.00 1.02 0.00 -0.00 -0.00
41.93 4.00 5.00 1.02 0.00 -0.00 -0.00
41.98 4.00 5.00 1.02 -0.00 -0.00 -0.00
42.03 4.00 5.00 1.02 -0.00 -0.00 -0.00
42.08 4.00 5.00 1.02 -0.00 -0.00 -0.00
42.13 4.00 5.00 1.02 -0.00 -0.00 -0.00
42.18 4.00 5.00 1.02 -0.00 -0.00 -0.00
42.23 4.00 5.00 1.02 -0.00 -0.00 -0.00
42.28 4.00 5.00 1.02 -0.00 -0.00 -0.00
42.33 4.00 5.00 1.02 -0.00 -0.00 -0.00
42.38 4.00 5.00 1.02 -0.00 -0.00 -0.00
42.43 4.00 5.00 1.02 -0.00 -0.00 -0.00
42.48 4.00 5.00 1.02 -0.00 -0.00 -0.00
42.53 4.00 5.00 1.02 -0.00 -0.00 -0.00
42.58 4.00 5.00 1.01 -0.00 -0.00 -0.00
42.63 4.00 5.00 1.01 -0.00 -0.00 -0.00
42.68 4.00 5.00 1.01 -0.00 -0.00 -0.00
42.73 4.00 5.00 1.01 -0.00 -0.00 -0.00
42.78 4.00 5.00 1.01 -0.00 -0.00 -0.00
42.83 4.00 5.00 1.01 -0.00 -0.00 -0.00
42.88 4.00 5.00 1.01 -0.00 -0.00 -0.00
42.93 4.00 5.00 1.01 0.00 -0.00 -0.00
42.98 4.00 5.00 1.01 0.00 -0.00 -0.00
43.03 4.00 5.00 1.01 0.00 -0.00 -0.00
43.08 4.00 5.00 1.01 0.00 -0.00 -0.00
43.13 4.00 5.00 1.01 0.00 0.00 -0.00
43.18 4.00 5.00 1.01 0.00 0.00 -0.00
43.23 4.00 5.00 1.01 0.00 0.00 -0.00
43.28 4.00 5.00 1.01 0.00 0.00 -0.00
43.33 4.00 5.00 1.01 0.00 0.00 -0.00
43.38 4.00 5.00 1.01 0.00 0.00 -0.00
43.43 4.00 5.00 1.01 0.00 0.00 -0.00
43.48 4.00 5.00 1.01 0.00 0.00 -0.00
43.53 4.00 5.00 1.01 0.00 0.00 -0.00
43.58 4.00 5.00 1.01 0.00 0.00 -0.00
43.63 4.00 5.00 1.01 0.00 0.00 -0.00
43.68 4.00 5.00 1.01 0.00 0.00 -0.00
43.73 4.00 5.00 1.01 0.00 0.00 -0.00
43.78 4.00 5.00 1.01 0.00 0.00 -0.00
43.83 4.00 5.00 1.01 0.00 0.00 -0.00
43.88 4.00 5.00 1.01 0.00 0.00 -0.00
43.93 4.00 5.00 1.01 0.00 0.00 -0.00
43.98 4.00 5.00 1.01 0.00 0.00 -0.00
44.03 4.00 5.00 1.01 0.00 0.00 -0.00
44.08 4.00 5.00 1.01 0.00 0.00 -0.00
44.13 4.00 5.00 1.01 0.00 0.00 -0.00
44.18 4.00 5.00 1.01 0.00 0.00 -0.00
44.23 4.00 5.00 1.01 0.00 0.00 -0.00
44.28 4.00 5.00 1.01 0.00 0.00 -0.00
44.33 4.00 5.00 1.01 0.00 0.00 -0.00
44.38 4.00 5.00 1.01 0.00 0.00 -0.00
44.43 4.00 5.00 1.01 0.00 0.00 -0.00
44.48 4.00 5.00 1.01 0.00 0.00 -0.00
44.53 4.00 5.00 1.01 0.00 0.00 -0.00
44.58 4.00 5.00 1.01 0.00 0.00 -0.00
44.63 4.00 5.00 1.01 0.00 0.00 -0.00
44.68 4.00 5.00 1.01 0.00 0.00 -0.00
44.73 4.00 5.00 1.01 0.00 0.00 -0.00
44.78 4.00 5.00 1.01 0.00 0.00 -0.00
44.83 4.00 5.00 1.01 0.00 0.00 -0.00
44.88 4.00 5.00 1.01 0.00 0.00 -0.00
44.93 4.00 5.00 1.01 0.00 0.00 -0.00
44.98 4.00 5.00 1.01 0.00 0.00 -0.00
45.03 4.00 5.00 1.01 0.00 0.00 -0.00
45.08 4.00 5.00 1.01 0.00 0.00 -0.00
45.13 4.00 5.00 1.01 0.00 0.00 -0.00
45.18 4.00 5.00 1.01 0.00 0.00 -0.00
45.23 4.00 5.00 1.01 0.00 0.00 -0.00
45.28 4.00 5.00 1.01 0.00 -0.00 -0.00
45.33 4.00 5.00 1.01 0.00 -0.00 -0.00
45.38 4.00 5.00 1.01 0.00 -0.00 -0.00
45.43 4.00 5.00 1.01 0.00 -0.00 -0.00
45.48 4.00 5.00 1.01 0.00 -0.00 -0.00
45.53 4.00 5.00 1.01 0.00 -0.00 -0.00
45.58 4.00 5.00 1.01 0.00 -0.00 -0.00
45.63 4.00 5.00 1.01 0.00 -0.00 -0.00
45.68 4.00 5.00 1.01 0.00 -0.00 -0.00
45.73 4.00 5.00 1.01 0.00 -0.00 -0.00
45.78 4.00 5.00 1.01 0.00 -0.00 -0.00
45.83 4.00 5.00 1.01 0.00 -0.00 -0.00
45.88 4.00 5.00 1.01 0.00 -0.00 -0.00
45.93 4.00 5.00 1.01 0.00 -0.00 -0.00
45.98 4.00 5.00 1.01 0.00 0.00 -0.00
46.03 4.00 5.00 1.01 0.00 0.00 -0.00
46.08 4.00 5.00 1.01 0.00 0.00 -0.00
46.13 4.00 5.00 1.01 0.00 0.00 -0.00
46.18 4.00 5.00 1.01 0.00 0.00 -0.00
46.23 4.00 5.00 1.01 0.00 0.00 -0.00
46.28 4.00 5.00 1.01 0.00 0.00 -0.00
46.33 4.00 5.00 1.01 0.00 0.00 -0.00
46.38 4.00 5.00 1.01 0.00 0.00 -0.00
46.43 4.00 5.00 1.01 0.00 0.00 -0.00
46.48 4.00 5.00 1.01 0.00 0.00 -0.00
46.53 4.00 5.00 1.01 0.00 0.00 -0.00
46.58 4.00 5.00 1.01 0.00 0.00 -0.00
46.63 4.00 5.00 1.01 0.00 0.00 -0.00
46.68 4.00 5.00 1.01 0.00 0.00 -0.00
46.73 4.00 5.00 1.01 0.00 0.00 -0.00
46.78 4.00 5.00 1.01 0.00 0.00 -0.00
46.83 4.00 5.00 1.01 0.00 0.00 -0.00
46.88 4.00 5.00 1.01 0.00 0.00 -0.00
46.93 4.00 5.00 1.01 0.00 0.00 -0.00
46.98 4.00 5.00 1.01 0.00 0.00 -0.00
47.03 4.00 5.00 1.01 0.00 0.00 -0.00
47.08 4.00 5.00 1.01 0.00 0.00 -0.00
47.13 4.00 5.00 1.01 0.00 0.00 -0.00
47.18 4.00 5.00 1.01 0.00 0.00 -0.00
47.23 4.00 5.00 1.01 0.00 0.00 -0.00
47.28 4.00 5.00 1.01 0.00 0.00 -0.00
47.33 4.00 5.00 1.01 0.00 0.00 -0.00
47.38 4.00 5.00 1.01 0.00 0.00 -0.00
47.43 4.00 5.00 1.01 0.00 0.00 -0.00
47.48 4.00 5.00 1.01 0.00 0.00 -0.00
47.53 4.00 5.00 1.01 0.00 0.00 -0.00
47.58 4.00 5.00 1.01 0.00 0.00 -0.00
47.63 4.00 5.00 1.01 0.00 0.00 -0.00
47.68 4.00 5.00 1.01 0.00 0.00 -0.00
47.73 4.00 5.00 1.01 0.00 0.00 -0.00
47.78 4.00 5.00 1.01 0.00 0.00 -0.00
47.83 4.00 5.00 1.01 0.00 0.00 -0.00
47.88 4.00 5.00 1.01 0.00 0.00 -0.00
47.93 4.00 5.00 1.01 0.00 0.00 -0.00
47.98 4.00 5.00 1.01 0.00 0.00 -0.00
48.03 4.00 5.00 1.01 0.00 0.00 -0.00
48.08 4.00 5.00 1.01 0.00 0.00 -0.00

48.30	4.00	5.00	1.00
48.30	4.00	9.00	1.00
48.33 4.00 5.00 1.00 0.00 0.00 -0.00
48.38 4.00 5.00 1.00 0.00 0.08 -0.01
48.43 4.00 5.01 1.00 0.00 0.28 -0.05
48.48 4.00 5.03 1.00 0.00 0.53 -0.10
48.53 4.00 5.06 0.99 0.00 0.81 -0.14
48.58 4.00 5.11 0.99 0.00 1.10 -0.18
48.63 4.00 5.17 0.98 0.00 1.41 -0.20
48.68 4.00 5.25 0.97 0.00 1.73 -0.22
48.73 4.00 5.35 0.95 0.00 2.06 -0.23
48.78 4.00 5.46 0.94 0.00 2.39 -0.23
48.83 4.00 5.59 0.93 0.00 2.74 -0.22
48.88 4.00 5.73 0.92 0.00 3.08 -0.22
48.93 4.00 5.90 0.91 0.00 3.44 -0.20
48.98 4.00 6.08 0.90 0.00 3.79 -0.19
49.03 4.00 6.28 0.89 0.00 4.15 -0.17
49.08 4.00 6.49 0.88 0.00 4.50 -0.15
49.13 4.00 6.73 0.88 0.00 4.81 -0.11
49.18 4.00 6.97 0.87 0.00 5.05 -0.05
49.23 4.00 7.23 0.87 0.00 5.20 0.02
49.28 4.00 7.49 0.87 0.00 5.26 0.09
49.33 4.00 7.75 0.88 0.00 5.24 0.14
49.38 4.00 8.01 0.89 0.00 5.14 0.17
49.43 4.00 8.27 0.90 0.00 5.00 0.18
49.48 4.00 8.51 0.91 0.00 4.80 0.16
49.53 4.00 8.75 0.91 0.00 4.58 0.14
49.58 4.00 8.97 0.92 0.00 4.32 0.10
49.63 4.00 9.18 0.92 0.00 4.04 0.06
49.68 4.00 9.37 0.92 0.00 3.74 0.02
49.73 4.00 9.55 0.92 0.00 3.41 -0.02
49.78 4.00 9.71 0.92 0.00 3.08 -0.06
49.83 4.00 9.86 0.92 0.00 2.73 -0.08
49.88 4.00 9.99 0.91 0.00 2.37 -0.10
49.93 4.00 10.09 0.91 0.00 2.02 -0.11
49.98 4.00 10.19 0.90 0.00 1.66 -0.11
50.03 4.00 10.26 0.90 0.00 1.30 -0.11
50.08 4.00 10.32 0.89 0.00 0.95 -0.10
50.13 4.00 10.36 0.89 0.00 0.61 -0.08
50.18 4.00 10.38 0.88 0.00 0.28 -0.06
50.23 4.00 10.38 0.88 0.00 -0.03 -0.03
50.28 4.00 10.37 0.88 0.00 -0.31 -0.00
50.33 4.00 10.35 0.88 0.00 -0.57 0.03
50.38 4.00 10.32 0.88 0.00 -0.80 0.06
50.43 4.00 10.27 0.89 0.00 -1.01 0.10
50.48 4.00 10.22 0.89 0.00 -1.18 0.13
50.53 4.00 10.15 0.90 0.00 -1.33 0.15
50.58 4.00 10.08 0.91 0.00 -1.45 0.18
50.63 4.00 10.01 0.92 0.00 -1.54 0.20
50.68 4.00 9.93 0.93 0.00 -1.61 0.21
50.73 4.00 9.85 0.94 0.00 -1.65 0.22
50.78 4.00 9.77 0.95 0.00 -1.68 0.22
50.83 4.00 9.68 0.96 0.00 -1.68 0.21
50.88 4.00 9.60 0.97 0.00 -1.66 0.21
50.93 4.00 9.52 0.98 0.00 -1.63 0.19
50.98 4.00 9.44 0.99 0.00 -1.59 0.18
51.03 4.00 9.36 1.00 0.00 -1.53 0.16
51.08 4.00 9.28 1.01 0.00 -1.46 0.14
51.13 4.00 9.21 1.01 0.00 -1.38 0.12
51.18 4.00 9.14 1.02 0.00 -1.29 0.10
51.23 4.00 9.08 1.02 0.00 -1.20 0.08
51.28 4.00 9.03 1.03 0.00 -1.10 0.06
51.33 4.00 8.97 1.03 0.00 -1.00 0.04
51.38 4.00 8.93 1.03 0.00 -0.89 0.03
51.43 4.00 8.88 1.03 0.00 -0.79 0.02
51.48 4.00 8.85 1.03 0.00 -0.68 0.01
51.53 4.00 8.82 1.03 0.00 -0.57 -0.00
51.58 4.00 8.79 1.03 0.00 -0.47 -0.01
51.63 4.00 8.77 1.03 0.00 -0.36 -0.01
51.68 4.00 8.75 1.03 0.00 -0.27 -0.01
51.73 4.00 8.74 1.03 0.00 -0.17 -0.01
51.78 4.00 8.74 1.03 0.00 -0.08 -0.01
51.83 4.00 8.73 1.03 0.00 -0.00 -0.01
51.88 4.00 8.74 1.03 0.00 0.07 -0.01
51.93 4.00 8.74 1.03 0.00 0.14 -0.01
51.98 4.00 8.75 1.03 0.00 0.20 -0.00
52.03 4.00 8.76 1.03 0.00 0.26 0.00
52.08 4.00 8.78 1.03 0.00 0.30 0.00
52.13 4.00 8.79 1.03 0.00 0.34 0.01
52.18 4.00 8.81 1.03 0.00 0.37 0.01
52.23 4.00 8.83 1.03 0.00 0.40 0.01
52.28 4.00 8.85 1.03 0.00 0.42 0.01
52.33 4.00 8.87 1.03 0.00 0.43 0.01
52.38 4.00 8.89 1.03 0.00 0.44 0.01
52.43 4.00 8.91 1.03 0.00 0.44 0.01
52.48 4.00 8.94 1.03 0.00 0.43 0.01
52.53 4.00 8.96 1.03 0.00 0.42 0.01
52.58 4.00 8.98 1.03 0.00 0.41 0.01
52.63 4.00 9.00 1.03 0.00 0.39 0.01
52.68 4.00 9.02 1.03 0.00 0.37 0.01
52.73 4.00 9.04 1.03 0.00 0.35 0.00
52.78 4.00 9.05 1.03 0.00 0.32 0.00
52.83 4.00 9.07 1.03 0.00 0.30 0.00
52.88 4.00 9.08 1.03 0.00 0.27 -0.00
52.93 4.00 9.09 1.03 0.00 0.24 -0.00
52.98 4.00 9.11 1.03 0.00 0.21 -0.00
53.03 4.00 9.12 1.03 0.00 0.18 -0.00
53.08 4.00 9.12 1.03 0.00 0.15 -0.01
53.13 4.00 9.13 1.03 0.00 0.12 -0.01
53.18 4.00 9.14 1.03 0.00 0.09 -0.01
53.23 4.00 9.14 1.03 0.00 0.06 -0.01
53.28 4.00 9.14 1.03 0.00 0.04 -0.01
53.33 4.00 9.14 1.03 0.00 0.01 -0.01
53.38 4.00 9.14 1.03 0.00 -0.01 -0.01
53.43 4.00 9.14 1.03 0.00 -0.03 -0.01
53.48 4.00 9.14 1.03 0.00 -0.05 -0.01
53.53 4.00 9.14 1.03 0.00 -0.07 -0.01
53.58 4.00 9.13 1.03 0.00 -0.09 -0.01
53.63 4.00 9.13 1.03 0.00 -0.10 -0.01
53.68 4.00 9.12 1.03 0.00 -0.11 -0.01
53.73 4.00 9.12 1.03 0.00 -0.12 -0.00
53.78 4.00 9.11 1.03 0.00 -0.13 -0.00
53.83 4.00 9.10 1.03 0.00 -0.14 -0.00
53.88 4.00 9.10 1.03 0.00 -0.14 -0.00
53.93 4.00 9.09 1.03 0.00 -0.14 -0.00
53.98 4.00 9.08 1.03 0.00 -0.15 -0.00
54.03 4.00 9.07 1.03 0.00 -0.15 -0.00
54.08 4.00 9.07 1.03 0.00 -0.14 -0.00
54.13 4.00 9.06 1.03 0.00 -0.14 -0.00
54.18 4.00 9.05 1.03 0.00 -0.14 -0.00
54.23 4.00 9.05 1.03 0.00 -0.13 -0.00
54.28 4.00 9.04 1.03 0.00 -0.12 -0.00
54.33 4.00 9.03 1.03 0.00 -0.12 -0.00
54.38 4.00 9.03 1.03 0.00 -0.11 -0.00
54.43 4.00 9.02 1.03 0.00 -0.10 -0.00
54.48 4.00 9.02 1.03 0.00 -0.09 -0.00
54.53 4.00 9.01 1.03 0.00 -0.08 -0.00
54.58 4.00 9.01 1.03 0.00 -0.08 -0.00
54.63 4.00 9.01 1.03 0.00 -0.07 -0.00
54.68 4.00 9.00 1.03 0.00 -0.06 -0.00
54.73 4.00 9.00 1.03 0.00 -0.05 -0.00
54.78 4.00 9.00 1.02 0.00 -0.04 -0.00
54.83 4.00 9.00 1.02 0.00 -0.03 -0.00
54.88 4.00 8.99 1.02 0.00 -0.02 -0.00
54.93 4.00 8.99 1.02 0.00 -0.02 -0.00
54.98 4.00 8.99 1.02 0.00 -0.01 -0.00
55.03 4.00 8.99 1.02 0.00 -0.00 -0.00
55.08 4.00 8.99 1.02 0.00 0.00 -0.00
55.13 4.00 8.99 1.02 0.00 0.01 -0.00
55.18 4.00 8.99 1.02 0.00 0.01 -0.00
55.23 4.00 8.99 1.02 0.00 0.02 -0.00
55.28 4.00 8.99 1.02 0.00 0.02 -0.00
55.33 4.00 9.00 1.02 0.00 0.02 -0.00
55.38 4.00 9.00 1.02 0.00 0.02 -0.00
55.43 4.00 9.00 1.02 0.00 0.03 -0.00
55.48 4.00 9.00 1.02 0.00 0.03 -0.00
55.53 4.00 9.00 1.02 0.00 0.03 -0.00
55.58 4.00 9.00 1.02 0.00 0.03 -0.00
55.63 4.00 9.00 1.02 0.00 0.03 -0.00
55.68 4.00 9.01 1.02 0.00 0.03 -0.00
55.73 4.00 9.01 1.02 0.00 0.03 -0.00
55.78 4.00 9.01 1.02 0.00 0.03 -0.00
55.83 4.00 9.01 1.02 0.00 0.03 -0.00
55.88 4.00 9.01 1.02 0.00 0.02 -0.00
55.93 4.00 9.01 1.02 0.00 0.02 -0.00
55.98 4.00 9.01 1.02 0.00 0.02 -0.00
56.03 4.00 9.01 1.02 0.00 0.02 -0.00
56.08 4.00 9.01 1.02 0.00 0.02 -0.00
56.13 4.00 9.02 1.02 0.00 0.01 -0.00
56.18 4.00 9.02 1.02 0.00 0.01 -0.00
56.23 4.00 9.02 1.02 0.00 0.01 -0.00
56.28 4.00 9.02 1.02 0.00 0.01 -0.00
56.33 4.00 9.02 1.02 0.00 0.01 -0.00
56.38 4.00 9.02 1.02 0.00 0.00 -0.00
56.43 4.00 9.02 1.02 0.00 0.00 -0.00
56.48 4.00 9.02 1.02 0.00 -0.00 -0.00
56.53 4.00 9.02 1.02 0.00 -0.00 -0.00
56.58 4.00 9.02 1.02 0.00 -0.00 -0.00
56.63 4.00 9.02 1.02 0.00 -0.01 -0.00
56.68 4.00 9.02 1.02 0.00 -0.01 -0.00
56.73 4.00 9.02 1.02 0.00 -0.01 -0.00
56.78 4.00 9.02 1.02 0.00 -0.01 -0.00
56.83 4.00 9.02 1.02 0.00 -0.01 -0.00
56.88 4.00 9.01 1.02 0.00 -0.01 -0.00
56.93 4.00 9.01 1.02 0.00 -0.01 -0.00
56.98 4.00 9.01 1.02 0.00 -0.01 -0.00
57.03 4.00 9.01 1.02 0.00 -0.01 -0.00
57.08 4.00 9.01 1.02 0.00 -0.01 -0.00
57.13 4.00 9.01 1.02 0.00 -0.01 -0.00
57.18 4.00 9.01 1.02 0.00 -0.01 -0.00
57.23 4.00 9.01 1.02 0.00 -0.01 -0.00
57.28 4.00 9.01 1.02 0.00 -0.01 -0.00
57.33 4.00 9.01 1.02 0.00 -0.01 -0.00
57.38 4.00 9.01 1.01 0.00 -0.01 -0.00
57.43 4.00 9.01 1.01 0.00 -0.01 -0.00
57.48 4.00 9.01 1.01 0.00 -0.01 -0.00
57.53 4.00 9.01 1.01 0.00 -0.01 -0.00
57.58 4.00 9.01 1.01 0.00 -0.01 -0.00
57.63 4.00 9.01 1.01 0.00 -0.01 -0.00
57.68 4.00 9.01 1.01 0.00 -0.01 -0.00
57.73 4.00 9.00 1.01 0.00 -0.01 -0.00
57.78 4.00 9.00 1.01 0.00 -0.01 -0.00
57.83 4.00 9.00 1.01 0.00 -0.01 -0.00
57.88 4.00 9.00 1.01 0.00 -0.01 -0.00
57.93 4.00 9.00 1.01 0.00 -0.01 -0.00
57.98 4.00 9.00 1.01 0.00 -0.00 -0.00
58.03 4.00 9.00 1.01 0.00 -0.00 -0.00
58.08 4.00 9.00 1.01 0.00 -0.00 -0.00
58.13 4.00 9.00 1.01 0.00 -0.00 -0.00
58.18 4.00 9.00 1.01 0.00 -0.00 -0.00
58.23 4.00 9.00 1.01 0.00 -0.00 -0.00
58.28 4.00 9.00 1.01 0.00 -0.00 -0.00
58.33 4.00 9.00 1.01 0.00 -0.00 -0.00
58.38 4.00 9.00 1.01 0.00 -0.00 -0.00
58.43 4.00 9.00 1.01 0.00 0.00 -0.00
58.48 4.00 9.00 1.01 0.00 0.00 -0.00
58.53 4.00 9.00 1.01 0.00 0.00 -0.00
58.58 4.00 9.00 1.01 0.00 0.00 -0.00
58.63 4.00 9.00 1.01 0.00 0.00 -0.00
58.68 4.00 9.00 1.01 0.00 0.00 -0.00
58.73 4.00 9.00 1.01 0.00 0.00 -0.00
58.78 4.00 9.00 1.01 0.00 0.00 -0.00
58.83 4.00 9.00 1.01 0.00 0.00 -0.00
58.88 4.00 9.00 1.01 0.00 0.00 -0.00
58.93 4.00 9.00 1.01 0.00 0.00 -0.00
58.98 4.00 9.00 1.01 0.00 0.00 -0.00
59.03 4.00 9.00 1.01 0.00 0.00 -0.00
59.08 4.00 9.00 1.01 0.00 0.00 -0.00
59.13 4.00 9.00 1.01 0.00 0.00 -0.00
59.18 4.00 9.00 1.01 0.00 0.00 -0.00
59.23 4.00 9.00 1.01 0.00 0.00 -0.00
59.28 4.00 9.00 1.01 0.00 0.00 -0.00
59.33 4.00 9.00 1.01 0.00 0.00 -0.00
59.38 4.00 9.00 1.01 0.00 0.00 -0.00
59.43 4.00 9.00 1.01 0.00 -0.00 -0.00
59.48 4.00 9.00 1.01 0.00 -0.00 -0.00
59.53 4.00 9.00 1.01 0.00 -0.00 -0.00
59.58 4.00 9.00 1.01 0.00 -0.00 -0.00
59.63 4.00 9.00 1.01 0.00 -0.00 -0.00
59.68 4.00 9.00 1.01 0.00 -0.00 -0.00
59.73 4.00 9.00 1.01 0.00 -0.00 -0.00
59.78 4.00 9.00 1.01 0.00 -0.00 -0.00
59.83 4.00 9.00 1.01 0.00 -0.00 -0.00
59.88 4.00 9.00 1.01 0.00 -0.00 -0.00
59.93 4.00 9.00 1.01 0.00 -0.00 -0.00
59.98 4.00 9.00 1.01 0.00 -0.00 -0.00
60.03 4.00 9.00 1.01 0.00 -0.00 -0.00
60.08 4.00 9.00 1.01 0.00 -0.00 -0.00
60.13 4.00 9.00 1.01 0.00 -0.00 -0.00
60.18 4.00 9.00 1.01 0.00 -0.00 -0.00
60.23 4.00 9.00 1.01 0.00 -0.00 -0.00
60.28 4.00 9.00 1.01 0.00 -0.00 -0.00
60.33 4.00 9.00 1.01 0.00 -0.00 -0.00
60.38 4.00 9.00 1.01 0.00 -0.00 -0.00
60.43 4.00 9.00 1.01 0.00 -0.00 -0.00
60.48 4.00 9.00 1.01 0.00 -0.00 -0.00
60.53 4.00 9.00 1.01 0.00 -0.00 -0.00
60.58 4.00 9.00 1.01 0.00 -0.00 -0.00
60.63 4.00 9.00 1.01 0.00 -0.00 -0.00
60.68 4.00 9.00 1.01 0.00 -0.00 -0.00
60.73 4.00 9.00 1.01 0.00 -0.00 -0.00
60.78 4.00 9.00 1.01 0.00 -0.00 -0.00
60.83 4.00 9.00 1.01 0.00 -0.00 -0.00
60.88 4.00 9.00 1.01 0.00 -0.00 -0.00
60.93 4.00 9.00 1.01 0.00 -0.00 -0.00
60.98 4.00 9.00 1.01 0.00 -0.00 -0.00
61.03 4.00 9.00 1.01 0.00 -0.00 -0.00
61.08 4.00 9.00 1.01 0.00 -0.00 -0.00
61.13 4.00 9.00 1.01 0.00 -0.00 -0.00
61.18 4.00 9.00 1.01 0.00 -0.00 -0.00
61.23 4.00 9.00 1.01 0.00 -0.00 -0.00
61.28 4.00 9.00 1.01 0.00 -0.00 -0.00
61.33 4.00 9.00 1.01 0.00 -0.00 -0.00
61.38 4.00 9.00 1.01 0.00 -0.00 -0.00
61.43 4.00 9.00 1.01 0.00 -0.00 -0.00
61.48 4.00 9.00 1.01 0.00 -0.00 -0.00
61.53 4.00 9.00 1.01 0.00 -0.00 -0.00
61.58 4.00 9.00 1.01 0.00 -0.00 -0.00
61.63 4.00 9.00 1.01 0.00 -0.00 -0.00
61.68 4.00 9.00 1.01 0.00 -0.00 -0.00
61.73 4.00 9.00 1.01 0.00 -0.00 -0.00
61.78 4.00 9.00 1.01 0.00 -0.00 -0.00
61.83 4.00 9.00 1.01 0.00 -0.00 -0.00
61.88 4.00 9.00 1.01 0.00 -0.00 -0.00
61.93 4.00 9.00 1.01 0.00 -0.00 -0.00
61.98 4.00 9.00 1.01 0.00 -0.00 -0.00
62.03 4.00 9.00 1.01 0.00 -0.00 -0.00
62.08 4.00 9.00 1.01 0.00 -0.00 -0.00
62.13 4.00 9.00 1.01 0.00 -0.00 -0.00
62.18 4.00 9.00 1.01 0.00 -0.00 -0.00
62.23 4.00 9.00 1.01 0.00 -0.00 -0.00
62.28 4.00 9.00 1.01 0.00 -0.00 -0.00
62.33 4.00 9.00 1.01 0.00 -0.00 -0.00
62.38 4.00 9.00 1.01 0.00 -0.00 -0.00
62.43 4.00 9.00 1.01 0.00 -0.00 -0.00
62.48 4.00 9.00 1.01 0.00 -0.00 -0.00
62.53 4.00 9.00 1.01 0.00 -0.00 -0.00
62.58 4.00 9.00 1.01 0.00 -0.00 -0.00
62.63 4.00 9.00 1.01 0.00 -0.00 -0.00
62.68 4.00 9.00 1.01 0.00 -0.00 -0.00
62.73 4.00 9.00 1.01 0.00 -0.00 -0.00
62.78 4.00 9.00 1.01 0.00 -0.00 -0.00
62.83 4.00 9.00 1.01 0.00 -0.00 -0.00
62.88 4.00 9.00 1.00 0.00 -0.00 -0.00
62.93 4.00 9.00 1.00 0.00 -0.00 -0.00
62.98 4.00 9.00 1.00 0.00 -0.00 -0.00
63.03 4.00 9.00 1.00 0.00 -0.00 -0.00

63.8	4.00	9.00	1.00
63.8	8.00	9.00	1.00
63.13 4.00 9.00 1.00 0.00 -0.00 -0.00
63.18 4.00 9.00 1.00 0.12 -0.00 -0.02
63.23 4.01 9.00 1.00 0.33 -0.00 -0.06
63.28 4.04 9.00 1.00 0.58 -0.00 -0.11
63.33 4.07 9.00 0.99 0.86 -0.00 -0.15
63.38 4.12 9.00 0.98 1.16 -0.00 -0.18
63.43 4.19 9.00 0.97 1.47 -0.00 -0.21
63.48 4.27 9.00 0.96 1.79 -0.00 -0.22
63.53 4.37 9.00 0.95 2.12 -0.00 -0.23
63.58 4.48 9.00 0.94 2.46 -0.00 -0.23
63.63 4.62 9.00 0.93 2.81 -0.00 -0.22
63.68 4.76 9.00 0.92 3.15 -0.00 -0.21
63.73 4.93 9.00 0.91 3.51 -0.00 -0.20
63.78 5.12 9.00 0.90 3.86 -0.00 -0.19
63.83 5.32 9.00 0.89 4.22 -0.00 -0.17
63.88 5.54 9.00 0.88 4.57 -0.00 -0.15
63.93 5.77 9.00 0.88 4.87 -0.00 -0.10
63.98 6.02 9.00 0.87 5.09 -0.00 -0.04
64.03 6.28 9.00 0.87 5.22 -0.00 0.03
64.08 6.54 9.00 0.88 5.26 -0.00 0.10
64.13 6.81 9.00 0.88 5.22 -0.00 0.15
64.18 7.06 9.00 0.89 5.12 -0.00 0.17
64.23 7.32 9.00 0.90 4.96 -0.00 0.18
64.28 7.56 9.00 0.91 4.76 -0.00 0.16
64.33 7.79 9.00 0.91 4.53 -0.00 0.13
64.38 8.01 9.00 0.92 4.26 -0.00 0.09
64.43 8.22 9.00 0.92 3.98 -0.00 0.05
64.48 8.41 9.00 0.92 3.67 -0.00 0.01
64.53 8.58 9.00 0.92 3.35 -0.00 -0.03
64.58 8.74 9.00 0.92 3.01 -0.00 -0.06
64.63 8.88 9.00 0.92 2.66 -0.00 -0.09
64.68 9.00 9.01 0.91 1.73 0.33 -0.48
64.73 9.07 9.02 0.89 1.18 0.42 -0.39
64.78 9.12 9.05 0.87 0.61 0.54 -0.32
64.83 9.13 9.08 0.85 0.10 0.66 -0.28
64.88 9.13 9.11 0.84 -0.34 0.75 -0.22
64.93 9.10 9.15 0.83 -0.69 0.78 -0.13
64.98 9.06 9.19 0.83 -0.94 0.75 -0.03
65.03 9.01 9.23 0.83 -1.11 0.67 0.06
65.08 8.95 9.26 0.83 -1.22 0.57 0.14
65.13 8.89 9.28 0.84 -1.28 0.46 0.20
65.18 8.82 9.30 0.85 -1.31 0.34 0.24
65.23 8.75 9.32 0.87 -1.32 0.23 0.27
65.28 8.69 9.33 0.88 -1.31 0.12 0.29
65.33 8.62 9.33 0.90 -1.29 0.02 0.29
65.38 8.56 9.33 0.91 -1.25 -0.07 0.29
65.43 8.50 9.32 0.92 -1.21 -0.16 0.28
65.48 8.44 9.31 0.94 -1.16 -0.23 0.27
65.53 8.38 9.30 0.95 -1.10 -0.30 0.25
65.58 8.33 9.28 0.96 -1.03 -0.36 0.23
65.63 8.28 9.26 0.97 -0.97 -0.41 0.21
65.68 8.23 9.24 0.98 -0.89 -0.45 0.19
65.73 8.19 9.22 0.99 -0.82 -0.48 0.17
65.78 8.15 9.19 1.00 -0.74 -0.51 0.15
65.83 8.12 9.17 1.01 -0.66 -0.53 0.13
65.88 8.09 9.14 1.01 -0.59 -0.54 0.11
65.93 8.06 9.11 1.02 -0.51 -0.54 0.10
65.98 8.03 9.09 1.02 -0.43 -0.54 0.08
66.03 8.01 9.06 1.03 -0.36 -0.54 0.07
66.08 8.00 9.03 1.03 -0.29 -0.52 0.05
66.13 7.99 9.01 1.03 -0.22 -0.51 0.04
66.18 7.98 8.98 1.04 -0.15 -0.48 0.03
66.23 7.97 8.96 1.04 -0.09 -0.46 0.03
66.28 7.97 8.94 1.04 -0.03 -0.43 0.02
66.33 7.97 8.92 1.04 0.02 -0.40 0.01
66.38 7.97 8.90 1.04 0.07 -0.36 0.01
66.43 7.97 8.88 1.04 0.11 -0.33 0.01
66.48 7.98 8.86 1.04 0.15 -0.29 0.00
66.53 7.99 8.85 1.04 0.18 -0.25 0.00
66.58 8.00 8.84 1.04 0.20 -0.21 -0.00
66.63 8.01 8.83 1.04 0.23 -0.18 -0.00
66.68 8.02 8.82 1.04 0.24 -0.14 -0.00
66.73 8.03 8.82 1.04 0.25 -0.10 -0.00
66.78 8.05 8.81 1.04 0.26 -0.07 -0.00
66.83 8.06 8.81 1.04 0.26 -0.03 -0.00
66.88 8.07 8.81 1.04 0.26 -0.00 -0.00
66.93 8.09 8.81 1.04 0.26 0.03 -0.00
66.98 8.10 8.81 1.04 0.25 0.05 -0.00
67.03 8.11 8.81 1.04 0.24 0.08 -0.00
67.08 8.12 8.82 1.04 0.23 0.10 -0.00
67.13 8.13 8.82 1.04 0.21 0.12 -0.00
67.18 8.14 8.83 1.04 0.20 0.14 -0.00
67.23 8.15 8.84 1.04 0.18 0.15 -0.00
67.28 8.16 8.85 1.04 0.16 0.16 -0.00
67.33 8.17 8.86 1.04 0.14 0.17 -0.00
67.38 8.18 8.86 1.04 0.12 0.18 -0.00
67.43 8.18 8.87 1.04 0.09 0.19 -0.01
67.48 8.19 8.88 1.04 0.07 0.19 -0.01
67.53 8.19 8.89 1.04 0.05 0.19 -0.01
67.58 8.19 8.90 1.04 0.03 0.19 -0.01
67.63 8.19 8.91 1.04 0.01 0.19 -0.01
67.68 8.19 8.92 1.04 -0.01 0.18 -0.01
67.73 8.19 8.93 1.04 -0.03 0.17 -0.01
67.78 8.19 8.94 1.04 -0.04 0.17 -0.01
67.83 8.19 8.95 1.03 -0.06 0.16 -0.01
67.88 8.18 8.95 1.03 -0.07 0.15 -0.01
67.93 8.18 8.96 1.03 -0.09 0.14 -0.01
67.98 8.17 8.97 1.03 -0.10 0.13 -0.01
68.03 8.17 8.97 1.03 -0.11 0.12 -0.01
68.08 8.16 8.98 1.03 -0.12 0.11 -0.01
68.13 8.16 8.98 1.03 -0.12 0.10 -0.01
68.18 8.15 8.99 1.03 -0.13 0.08 -0.01
68.23 8.14 8.99 1.03 -0.13 0.07 -0.01
68.28 8.14 9.00 1.03 -0.14 0.06 -0.01
68.33 8.13 9.00 1.03 -0.14 0.05 -0.01
68.38 8.12 9.00 1.03 -0.14 0.04 -0.01
68.43 8.12 9.00 1.03 -0.14 0.03 -0.01
68.48 8.11 9.00 1.03 -0.13 0.02 -0.01
68.53 8.10 9.01 1.03 -0.13 0.01 -0.01
68.58 8.10 9.01 1.03 -0.13 0.01 -0.01
68.63 8.09 9.01 1.03 -0.12 -0.00 -0.01
68.68 8.09 9.01 1.03 -0.12 -0.01 -0.01
68.73 8.08 9.00 1.03 -0.11 -0.01 -0.01
68.78 8.07 9.00 1.03 -0.11 -0.02 -0.01
68.83 8.07 9.00 1.03 -0.10 -0.02 -0.01
68.88 8.06 9.00 1.03 -0.09 -0.03 -0.01
68.93 8.06 9.00 1.03 -0.09 -0.03 -0.01
68.98 8.06 9.00 1.03 -0.08 -0.03 -0.01
69.03 8.05 9.00 1.03 -0.07 -0.03 -0.01
69.08 8.05 9.00 1.03 -0.07 -0.04 -0.01
69.13 8.04 8.99 1.03 -0.06 -0.04 -0.01
69.18 8.04 8.99 1.03 -0.05 -0.04 -0.01
69.23 8.04 8.99 1.03 -0.05 -0.04 -0.01
69.28 8.04 8.99 1.03 -0.04 -0.03 -0.01
69.33 8.04 8.99 1.03 -0.03 -0.03 -0.01
69.38 8.03 8.98 1.03 -0.03 -0.03 -0.01
69.43 8.03 8.98 1.03 -0.02 -0.03 -0.01
69.48 8.03 8.98 1.03 -0.02 -0.03 -0.01
69.53 8.03 8.98 1.03 -0.01 -0.02 -0.01
69.58 8.03 8.98 1.03 -0.01 -0.02 -0.00
69.63 8.03 8.98 1.03 -0.01 -0.02 -0.00
69.68 8.03 8.98 1.02 -0.00 -0.02 -0.00
69.73 8.03 8.98 1.02 0.00 -0.01 -0.00
69.78 8.03 8.98 1.02 0.00 -0.01 -0.00
69.83 8.03 8.98 1.02 0.00 -0.01 -0.00
69.88 8.03 8.98 1.02 0.01 -0.01 -0.00
69.93 8.03 8.98 1.02 0.01 -0.00 -0.00
69.98 8.03 8.98 1.02 0.01 0.00 -0.00
70.03 8.03 8.98 1.02 0.01 0.00 -0.00
70.08 8.03 8.98 1.02 0.01 0.00 -0.00
70.13 8.03 8.98 1.02 0.01 0.01 -0.00
70.18 8.03 8.98 1.02 0.01 0.01 -0.00
70.23 8.03 8.98 1.02 0.01 0.01 -0.00
70.28 8.03 8.98 1.02 0.01 0.01 -0.00
70.33 8.03 8.98 1.02 0.01 0.01 -0.00
70.38 8.03 8.98 1.02 0.00 0.01 -0.00
70.43 8.03 8.98 1.02 0.00 0.02 -0.00
70.48 8.03 8.98 1.02 0.00 0.02 -0.00
70.53 8.03 8.98 1.02 0.00 0.02 -0.00
70.58 8.03 8.98 1.02 -0.00 0.02 -0.00
70.63 8.03 8.98 1.02 -0.00 0.02 -0.00
70.68 8.03 8.98 1.02 -0.00 0.02 -0.00
70.73 8.03 8.98 1.02 -0.01 0.02 -0.00
70.78 8.03 8.99 1.02 -0.01 0.02 -0.00
70.83 8.03 8.99 1.02 -0.01 0.02 -0.00
70.88 8.03 8.99 1.02 -0.01 0.02 -0.00
70.93 8.03 8.99 1.02 -0.01 0.02 -0.00
70.98 8.03 8.99 1.02 -0.01 0.02 -0.00
71.03 8.03 8.99 1.02 -0.01 0.02 -0.00
71.08 8.03 8.99 1.02 -0.01 0.01 -0.00
71.13 8.03 8.99 1.02 -0.01 0.01 -0.00
71.18 8.03 8.99 1.02 -0.01 0.01 -0.00
71.23 8.03 8.99 1.02 -0.02 0.01 -0.00
71.28 8.03 8.99 1.02 -0.02 0.01 -0.00
71.33 8.03 8.99 1.02 -0.02 0.01 -0.00
71.38 8.03 8.99 1.02 -0.02 0.01 -0.00
71.43 8.02 8.99 1.02 -0.02 0.01 -0.00
71.48 8.02 8.99 1.02 -0.02 0.01 -0.00
71.53 8.02 9.00 1.02 -0.02 0.01 -0.00
71.58 8.02 9.00 1.02 -0.02 0.01 -0.00
71.63 8.02 9.00 1.02 -0.02 0.00 -0.00
71.68 8.02 9.00 1.02 -0.02 0.00 -0.00
71.73 8.02 9.00 1.02 -0.02 0.00 -0.00
71.78 8.02 9.00 1.02 -0.02 0.00 -0.00
71.83 8.02 9.00 1.02 -0.01 0.00 -0.00
71.88 8.02 9.00 1.02 -0.01 0.00 -0.00
71.93 8.02 9.00 1.02 -0.01 0.00 -0.00
71.98 8.02 9.00 1.02 -0.01 0.00 -0.00
72.03 8.02 9.00 1.02 -0.01 -0.00 -0.00
72.08 8.02 9.00 1.02 -0.01 -0.00 -0.00
72.13 8.01 9.00 1.02 -0.01 -0.00 -0.00
72.18 8.01 9.00 1.02 -0.01 -0.00 -0.00
72.23 8.01 9.00 1.02 -0.01 -0.00 -0.00
72.28 8.01 9.00 1.01 -0.01 -0.00 -0.00
72.33 8.01 9.00 1.01 -0.01 -0.00 -0.00
72.38 8.01 9.00 1.01 -0.01 -0.00 -0.00
72.43 8.01 9.00 1.01 -0.01 -0.00 -0.00
72.48 8.01 9.00 1.01 -0.01 -0.00 -0.00
72.53 8.01 9.00 1.01 -0.01 -0.00 -0.00
72.58 8.01 9.00 1.01 -0.01 -0.00 -0.00
72.63 8.01 9.00 1.01 -0.01 -0.00 -0.00
72.68 8.01 9.00 1.01 -0.00 -0.00 -0.00
72.73 8.01 9.00 1.01 -0.00 -0.00 -0.00
72.78 8.01 9.00 1.01 -0.00 -0.00 -0.00
72.83 8.01 9.00 1.01 -0.00 -0.00 -0.00
72.88 8.01 9.00 1.01 -0.00 -0.00 -0.00
72.93 8.01 9.00 1.01 -0.00 0.00 -0.00
72.98 8.01 9.00 1.01 -0.00 0.00 -0.00
73.03 8.01 9.00 1.01 -0.00 0.00 -0.00
73.08 8.01 9.00 1.01 -0.00 0.00 -0.00
73.13 8.01 9.00 1.01 -0.00 0.00 -0.00
73.18 8.01 9.00 1.01 -0.00 0.00 -0.00
73.23 8.01 9.00 1.01 -0.00 0.00 -0.00
73.28 8.01 9.00 1.01 -0.00 0.00 -0.00
73.33 8.01 9.00 1.01 -0.00 0.00 -0.00
73.38 8.01 9.00 1.01 -0.00 0.00 -0.00
73.43 8.01 9.00 1.01 -0.00 0.00 -0.00
73.48 8.01 9.00 1.01 -0.00 0.00 -0.00
73.53 8.01 9.00 1.01 -0.00 0.00 -0.00
73.58 8.01 9.00 1.01 -0.00 0.00 -0.00
73.63 8.01 9.00 1.01 -0.00 0.00 -0.00
73.68 8.01 9.00 1.01 -0.00 0.00 -0.00
73.73 8.01 9.00 1.01 -0.00 0.00 -0.00
73.78 8.01 9.00 1.01 -0.00 0.00 -0.00
73.83 8.01 9.00 1.01 -0.00 0.00 -0.00
73.88 8.01 9.00 1.01 -0.00 0.00 -0.00
73.93 8.01 9.00 1.01 -0.00 0.00 -0.00
73.98 8.01 9.00 1.01 -0.00 0.00 -0.00
74.03 8.01 9.00 1.01 -0.00 0.00 -0.00
74.08 8.01 9.00 1.01 -0.00 0.00 -0.00
74.13 8.01 9.00 1.01 -0.00 0.00 -0.00
74.18 8.01 9.00 1.01 -0.00 0.00 -0.00
74.23 8.01 9.00 1.01 -0.00 0.00 -0.00
74.28 8.01 9.00 1.01 -0.00 0.00 -0.00
74.33 8.01 9.00 1.01 -0.00 0.00 -0.00
74.38 8.01 9.00 1.01 -0.00 0.00 -0.00
74.43 8.01 9.00 1.01 -0.00 0.00 -0.00
74.48 8.01 9.00 1.01 -0.00 0.00 -0.00
74.53 8.01 9.00 1.01 -0.00 0.00 -0.00
74.58 8.01 9.00 1.01 -0.00 0.00 -0.00
74.63 8.01 9.00 1.01 -0.00 0.00 -0.00
74.68 8.00 9.00 1.01 -0.00 0.00 -0.00
74.73 8.00 9.00 1.01 -0.00 0.00 -0.00
74.78 8.00 9.00 1.01 -0.00 0.00 -0.00
74.83 8.00 9.00 1.01 -0.00 0.00 -0.00
74.88 8.00 9.00 1.01 -0.00 0.00 -0.00
74.93 8.00 9.00 1.01 -0.00 0.00 -0.00
74.98 8.00 9.00 1.01 -0.00 0.00 -0.00
75.03 8.00 9.00 1.01 -0.00 0.00 -0.00
75.08 8.00 9.00 1.01 -0.00 0.00 -0.00
75.13 8.00 9.00 1.01 -0.00 0.00 -0.00
75.18 8.00 9.00 1.01 -0.00 0.00 -0.00
75.23 8.00 9.00 1.01 -0.00 0.00 -0.00
75.28 8.00 9.00 1.01 -0.00 0.00 -0.00
75.33 8.00 9.00 1.01 -0.00 0.00 -0.00
75.38 8.00 9.00 1.01 -0.00 0.00 -0.00
75.43 8.00 9.00 1.01 -0.00 0.00 -0.00
75.48 8.00 9.00 1.01 -0.00 0.00 -0.00
75.53 8.00 9.00 1.01 -0.00 0.00 -0.00
75.58 8.00 9.00 1.01 -0.00 0.00 -0.00
75.63 8.00 9.00 1.01 -0.00 0.00 -0.00
75.68 8.00 9.00 1.01 -0.00 0.00 -0.00
75.73 8.00 9.00 1.01 -0.00 0.00 -0.00
75.78 8.00 9.00 1.01 -0.00 0.00 -0.00
75.83 8.00 9.00 1.01 -0.00 0.00 -0.00
75.88 8.00 9.00 1.01 -0.00 0.00 -0.00
75.93 8.00 9.00 1.01 -0.00 0.00 -0.00
75.98 8.00 9.00 1.01 -0.00 0.00 -0.00
76.03 8.00 9.00 1.01 -0.00 0.00 -0.00
76.08 8.00 9.00 1.01 -0.00 0.00 -0.00
76.13 8.00 9.00 1.01 -0.00 0.00 -0.00
76.18 8.00 9.00 1.01 -0.00 0.00 -0.00
76.23 8.00 9.00 1.01 -0.00 0.00 -0.00
76.28 8.00 9.00 1.01 -0.00 0.00 -0.00
76.33 8.00 9.00 1.01 -0.00 0.00 -0.00
76.38 8.00 9.00 1.01 -0.00 0.00 -0.00
76.43 8.00 9.00 1.01 -0.00 0.00 -0.00
76.48 8.00 9.00 1.01 -0.00 0.00 -0.00
76.53 8.00 9.00 1.01 -0.00 0.00 -0.00
76.58 8.00 9.00 1.01 -0.00 0.00 -0.00
76.63 8.00 9.00 1.01 -0.00 0.00 -0.00
76.68 8.00 9.00 1.01 -0.00 0.00 -0.00
76.73 8.00 9.00 1.01 -0.00 0.00 -0.00
76.78 8.00 9.00 1.01 -0.00 0.00 -0.00
76.83 8.00 9.00 1.01 -0.00 0.00 -0.00
76.88 8.00 9.00 1.01 -0.00 0.00 -0.00
76.93 8.00 9.00 1.01 -0.00 0.00 -0.00
76.98 8.00 9.00 1.01 -0.00 0.00 -0.00
77.03 8.00 9.00 1.01 -0.00 0.00 -0.00
77.08 8.00 9.00 1.01 -0.00 0.00 -0.00
77.13 8.00 9.00 1.01 -0.00 0.00 -0.00
77.18 8.00 9.00 1.01 -0.00 0.00 -0.00
77.23 8.00 9.00 1.01 -0.00 0.00 -0.00
77.28 8.00 9.00 1.01 -0.00 0.00 -0.00
77.33 8.00 9.00 1.01 -0.00 0.00 -0.00
77.38 8.00 9.00 1.01 -0.00 0.00 -0.00
77.43 8.00 9.00 1.01 -0.00 0.00 -0.00
77.48 8.00 9.00 1.01 -0.00 0.00 -0.00
77.53 8.00 9.00 1.01 -0.00 0.00 -0.00
77.58 8.00 9.00 1.01 -0.00 0.00 -0.00
77.63 8.00 9.00 1.01 -0.00 0.00 -0.00
77.68 8.00 9.00 1.01 -0.00 0.00 -0.00
77.73 8.00 9.00 1.01 -0.00 0.00 -0.00
77.78 8.00 9.00 1.00 -0.00 0.00 -0.00
77.83 8.00 9.00 1.00 -0.00 0.00 -0.00
77.88 8.00 9.00 1.00 -0.00 0.00 -0.00
77.93 8.00 9.00 1.00 -0.00 0.00 -0.00
77.98 8.00 9.00 1.00 -0.00 0.00 -0.00
78.03 8.00 9.00 1.00 -0.00 0.00 -0.00
78.08 8.00 9.00 1.00 -0.00 0.00 -0.00
78.13 8.00 9.00 1.00 -0.00 0.00 -0.00
78.18 8.00 9.00 1.00 -0.00 0.00 -0.00
78.23 8.00 9.00 1.00 -0.00 0.00 -0.00
78.28 8.00 9.00 1.00 -0.00 0.00 -0.00
78.33 8.00 9.00 1.00 -0.00 0.00 -0.00

78.65	8.00	9.00	1.00
78.65	10.00	13.00	1.00
78.70 8.00 9.00 1.00 0.00 0.00 -0.00
78.75 8.00 9.00 1.00 0.11 0.11 -0.03
78.80 8.01 9.01 1.00 0.28 0.31 -0.09
78.85 8.03 9.03 0.99 0.47 0.55 -0.15
78.90 8.06 9.07 0.99 0.66 0.81 -0.20
78.95 8.10 9.12 0.97 0.84 1.09 -0.23
79.00 8.14 9.18 0.96 1.01 1.39 -0.25
79.05 8.20 9.26 0.95 1.18 1.70 -0.26
79.10 8.26 9.35 0.94 1.34 2.02 -0.26
79.15 8.33 9.46 0.92 1.49 2.35 -0.25
79.20 8.41 9.58 0.91 1.62 2.69 -0.24
79.25 8.49 9.73 0.90 1.74 3.04 -0.22
79.30 8.58 9.89 0.89 1.85 3.39 -0.20
79.35 8.68 10.07 0.88 1.95 3.74 -0.18
79.40 8.78 10.26 0.87 2.07 4.09 -0.16
79.45 8.89 10.48 0.86 2.19 4.44 -0.13
79.50 9.00 10.71 0.86 2.31 4.76 -0.10
79.55 9.12 10.95 0.86 2.39 5.02 -0.04
79.60 9.24 11.21 0.86 2.44 5.19 0.03
79.65 9.36 11.47 0.86 2.44 5.26 0.10
79.70 9.48 11.73 0.87 2.42 5.26 0.16
79.75 9.60 11.99 0.87 2.36 5.17 0.19
79.80 9.72 12.25 0.88 2.27 5.04 0.20
79.85 9.83 12.50 0.89 2.17 4.85 0.18
79.90 9.93 12.73 0.90 2.05 4.63 0.15
79.95 10.03 12.96 0.91 1.93 4.38 0.10
80.00 10.12 13.17 0.91 1.79 4.11 0.05
80.05 10.21 13.37 0.91 1.64 3.81 0.01
80.10 10.29 13.55 0.91 1.49 3.49 -0.04
80.15 10.36 13.72 0.91 1.34 3.16 -0.07
80.20 10.42 13.87 0.91 1.19 2.83 -0.09
80.25 10.48 14.00 0.90 1.04 2.49 -0.10
80.30 10.53 14.12 0.90 0.89 2.16 -0.11
80.35 10.57 14.21 0.89 0.74 1.82 -0.10
80.40 10.60 14.30 0.89 0.59 1.48 -0.10
80.45 10.63 14.36 0.88 0.44 1.15 -0.09
80.50 10.64 14.41 0.88 0.29 0.81 -0.08
80.55 10.65 14.44 0.87 0.14 0.47 -0.07
80.60 10.66 14.46 0.87 -0.01 0.14 -0.06
80.65 10.65 14.46 0.87 -0.15 -0.17 -0.04
80.70 10.64 14.44 0.87 -0.28 -0.47 -0.01
80.75 10.63 14.41 0.87 -0.40 -0.74 0.02
80.80 10.60 14.37 0.87 -0.50 -0.98 0.06
80.85 10.58 14.31 0.87 -0.59 -1.18 0.10
80.90 10.54 14.25 0.88 -0.66 -1.36 0.14
80.95 10.51 14.18 0.89 -0.72 -1.51 0.17
81.00 10.47 14.10 0.90 -0.77 -1.62 0.20
81.05 10.43 14.02 0.91 -0.80 -1.71 0.22
81.10 10.39 13.93 0.92 -0.82 -1.77 0.24
81.15 10.35 13.84 0.93 -0.83 -1.80 0.25
81.20 10.31 13.75 0.94 -0.83 -1.81 0.25
81.25 10.27 13.66 0.95 -0.82 -1.80 0.24
81.30 10.23 13.57 0.97 -0.81 -1.77 0.23
81.35 10.19 13.48 0.98 -0.78 -1.73 0.22
81.40 10.15 13.40 0.99 -0.75 -1.67 0.20
81.45 10.11 13.32 1.00 -0.72 -1.60 0.18
81.50 10.08 13.24 1.01 -0.68 -1.52 0.15
81.55 10.04 13.16 1.01 -0.63 -1.43 0.13
81.60 10.01 13.09 1.02 -0.58 -1.33 0.10
81.65 9.99 13.03 1.02 -0.53 -1.23 0.08
81.70 9.96 12.97 1.03 -0.48 -1.12 0.06
81.75 9.94 12.92 1.03 -0.43 -1.00 0.04
81.80 9.92 12.87 1.03 -0.38 -0.89 0.02
81.85 9.90 12.83 1.03 -0.32 -0.77 0.01
81.90 9.89 12.79 1.03 -0.27 -0.65 0.00
81.95 9.87 12.76 1.03 -0.22 -0.54 -0.01
82.00 9.86 12.74 1.03 -0.17 -0.43 -0.01
82.05 9.86 12.72 1.03 -0.12 -0.32 -0.01
82.10 9.85 12.71 1.03 -0.07 -0.21 -0.02
82.15 9.85 12.70 1.03 -0.03 -0.12 -0.01
82.20 9.85 12.70 1.03 0.01 -0.02 -0.01
82.25 9.85 12.70 1.03 0.05 0.06 -0.01
82.30 9.85 12.70 1.03 0.08 0.14 -0.00
82.35 9.86 12.71 1.03 0.11 0.21 0.00
82.40 9.87 12.72 1.03 0.14 0.27 0.00
82.45 9.87 12.74 1.03 0.16 0.32 0.01
82.50 9.88 12.76 1.03 0.18 0.37 0.01
82.55 9.89 12.78 1.03 0.20 0.40 0.02
82.60 9.90 12.80 1.03 0.21 0.43 0.02
82.65 9.91 12.82 1.03 0.22 0.46 0.02
82.70 9.92 12.84 1.03 0.22 0.47 0.02
82.75 9.93 12.87 1.03 0.23 0.48 0.02
82.80 9.95 12.89 1.03 0.22 0.48 0.02
82.85 9.96 12.91 1.04 0.22 0.48 0.02
82.90 9.97 12.94 1.04 0.22 0.47 0.02
82.95 9.98 12.96 1.04 0.21 0.46 0.02
83.00 9.99 12.98 1.04 0.20 0.44 0.01
83.05 10.00 13.00 1.04 0.19 0.42 0.01
83.10 10.01 13.03 1.04 0.18 0.39 0.01
83.15 10.02 13.04 1.04 0.17 0.37 0.01
83.20 10.02 13.06 1.04 0.15 0.34 0.00
83.25 10.03 13.08 1.04 0.14 0.31 0.00
83.30 10.04 13.09 1.04 0.12 0.27 -0.00
83.35 10.04 13.11 1.04 0.11 0.24 -0.00
83.40 10.05 13.12 1.04 0.09 0.21 -0.00
83.45 10.05 13.13 1.04 0.08 0.18 -0.01
83.50 10.06 13.13 1.04 0.06 0.14 -0.01
83.55 10.06 13.14 1.04 0.05 0.11 -0.01
83.60 10.06 13.14 1.04 0.03 0.08 -0.01
83.65 10.06 13.15 1.04 0.02 0.05 -0.01
83.70 10.06 13.15 1.04 0.01 0.02 -0.01
83.75 10.06 13.15 1.04 -0.00 -0.00 -0.01
83.80 10.06 13.15 1.04 -0.02 -0.03 -0.01
83.85 10.06 13.15 1.04 -0.03 -0.05 -0.01
83.90 10.06 13.14 1.04 -0.03 -0.07 -0.01
83.95 10.06 13.14 1.04 -0.04 -0.09 -0.01
84.00 10.06 13.14 1.04 -0.05 -0.11 -0.01
84.05 10.05 13.13 1.04 -0.05 -0.12 -0.01
84.10 10.05 13.12 1.04 -0.06 -0.13 -0.01
84.15 10.05 13.12 1.03 -0.06 -0.14 -0.01
84.20 10.04 13.11 1.03 -0.07 -0.15 -0.01
84.25 10.04 13.10 1.03 -0.07 -0.15 -0.00
84.30 10.04 13.09 1.03 -0.07 -0.16 -0.00
84.35 10.03 13.09 1.03 -0.07 -0.16 -0.00
84.40 10.03 13.08 1.03 -0.07 -0.16 -0.00
84.45 10.03 13.07 1.03 -0.07 -0.16 -0.00
84.50 10.02 13.06 1.03 -0.07 -0.15 -0.00
84.55 10.02 13.06 1.03 -0.07 -0.15 -0.00
84.60 10.02 13.05 1.03 -0.06 -0.14 -0.00
84.65 10.01 13.04 1.03 -0.06 -0.14 -0.01
84.70 10.01 13.03 1.03 -0.06 -0.13 -0.01
84.75 10.01 13.03 1.03 -0.05 -0.12 -0.01
84.80 10.01 13.02 1.03 -0.05 -0.11 -0.01
84.85 10.00 13.02 1.03 -0.04 -0.10 -0.01
84.90 10.00 13.01 1.03 -0.04 -0.09 -0.01
84.95 10.00 13.01 1.03 -0.03 -0.08 -0.01
85.00 10.00 13.00 1.03 -0.03 -0.07 -0.01
85.05 10.00 13.00 1.03 -0.03 -0.06 -0.01
85.10 10.00 13.00 1.03 -0.02 -0.05 -0.01
85.15 9.99 13.00 1.03 -0.02 -0.05 -0.01
85.20 9.99 12.99 1.03 -0.01 -0.04 -0.01
85.25 9.99 12.99 1.03 -0.01 -0.03 -0.01
85.30 9.99 12.99 1.03 -0.01 -0.02 -0.01
85.35 9.99 12.99 1.03 -0.00 -0.01 -0.01
85.40 9.99 12.99 1.03 0.00 -0.01 -0.01
85.45 9.99 12.99 1.03 0.00 0.00 -0.01
85.50 9.99 12.99 1.03 0.01 0.01 -0.01
85.55 9.99 12.99 1.03 0.01 0.01 -0.01
85.60 9.99 12.99 1.03 0.01 0.02 -0.01
85.65 9.99 12.99 1.03 0.01 0.02 -0.01
85.70 9.99 12.99 1.03 0.01 0.02 -0.01
85.75 10.00 12.99 1.03 0.01 0.03 -0.01
85.80 10.00 13.00 1.03 0.01 0.03 -0.00
85.85 10.00 13.00 1.03 0.02 0.03 -0.00
85.90 10.00 13.00 1.03 0.02 0.03 -0.00
85.95 10.00 13.00 1.03 0.02 0.03 -0.00
86.00 10.00 13.00 1.02 0.02 0.03 -0.00
86.05 10.00 13.00 1.02 0.02 0.03 -0.00
86.10 10.00 13.00 1.02 0.02 0.03 -0.00
86.15 10.00 13.01 1.02 0.01 0.03 -0.00
86.20 10.00 13.01 1.02 0.01 0.03 -0.00
86.25 10.00 13.01 1.02 0.01 0.03 -0.00
86.30 10.00 13.01 1.02 0.01 0.03 -0.00
86.35 10.00 13.01 1.02 0.01 0.02 -0.00
86.40 10.00 13.01 1.02 0.01 0.02 -0.00
86.45 10.01 13.01 1.02 0.01 0.02 -0.00
86.50 10.01 13.01 1.02 0.01 0.02 -0.00
86.55 10.01 13.02 1.02 0.01 0.01 -0.00
86.60 10.01 13.02 1.02 0.01 0.01 -0.00
86.65 10.01 13.02 1.02 0.00 0.01 -0.00
86.70 10.01 13.02 1.02 0.00 0.01 -0.00
86.75 10.01 13.02 1.02 0.00 0.00 -0.00
86.80 10.01 13.02 1.02 0.00 0.00 -0.00
86.85 10.01 13.02 1.02 0.00 0.00 -0.00
86.90 10.01 13.02 1.02 -0.00 -0.00 -0.00
86.95 10.01 13.02 1.02 -0.00 -0.00 -0.00
87.00 10.01 13.02 1.02 -0.00 -0.01 -0.00
87.05 10.01 13.02 1.02 -0.00 -0.01 -0.00
87.10 10.01 13.02 1.02 -0.00 -0.01 -0.00
87.15 10.01 13.02 1.02 -0.00 -0.01 -0.00
87.20 10.01 13.02 1.02 -0.00 -0.01 -0.00
87.25 10.01 13.02 1.02 -0.01 -0.01 -0.00
87.30 10.01 13.01 1.02 -0.01 -0.01 -0.00
87.35 10.01 13.01 1.02 -0.01 -0.01 -0.00
87.40 10.00 13.01 1.02 -0.01 -0.01 -0.00
87.45 10.00 13.01 1.02 -0.01 -0.01 -0.00
87.50 10.00 13.01 1.02 -0.01 -0.01 -0.00
87.55 10.00 13.01 1.02 -0.01 -0.01 -0.00
87.60 10.00 13.01 1.02 -0.01 -0.01 -0.00
87.65 10.00 13.01 1.02 -0.01 -0.01 -0.00
87.70 10.00 13.01 1.02 -0.01 -0.01 -0.00
87.75 10.00 13.01 1.02 -0.01 -0.01 -0.00
87.80 10.00 13.01 1.02 -0.01 -0.01 -0.00
87.85 10.00 13.01 1.02 -0.01 -0.01 -0.00
87.90 10.00 13.01 1.02 -0.00 -0.01 -0.00
87.95 10.00 13.01 1.02 -0.00 -0.01 -0.00
88.00 10.00 13.01 1.02 -0.00 -0.01 -0.00
88.05 10.00 13.00 1.02 -0.00 -0.01 -0.00
88.10 10.00 13.00 1.02 -0.00 -0.01 -0.00
88.15 10.00 13.00 1.02 -0.00 -0.01 -0.00
88.20 10.00 13.00 1.02 -0.00 -0.01 -0.00
88.25 10.00 13.00 1.02 -0.00 -0.01 -0.00
88.30 10.00 13.00 1.02 -0.00 -0.01 -0.00
88.35 10.00 13.00 1.02 -0.00 -0.00 -0.00
88.40 10.00 13.00 1.02 -0.00 -0.00 -0.00
88.45 10.00 13.00 1.02 -0.00 -0.00 -0.00
88.50 10.00 13.00 1.02 -0.00 -0.00 -0.00
88.55 10.00 13.00 1.02 -0.00 -0.00 -0.00
88.60 10.00 13.00 1.01 -0.00 -0.00 -0.00
88.65 10.00 13.00 1.01 -0.00 -0.00 -0.00
88.70 10.00 13.00 1.01 0.00 -0.00 -0.00
88.75 10.00 13.00 1.01 0.00 -0.00 -0.00
88.80 10.00 13.00 1.01 0.00 0.00 -0.00
88.85 10.00 13.00 1.01 0.00 0.00 -0.00
88.90 10.00 13.00 1.01 0.00 0.00 -0.00
88.95 10.00 13.00 1.01 0.00 0.00 -0.00
89.00 10.00 13.00 1.01 0.00 0.00 -0.00
89.05 10.00 13.00 1.01 0.00 0.00 -0.00
89.10 10.00 13.00 1.01 0.00 0.00 -0.00
89.15 10.00 13.00 1.01 0.00 0.00 -0.00
89.20 10.00 13.00 1.01 0.00 0.00 -0.00
89.25 10.00 13.00 1.01 0.00 0.00 -0.00
89.30 10.00 13.00 1.01 0.00 0.00 -0.00
89.35 10.00 13.00 1.01 0.00 0.00 -0.00
89.40 10.00 13.00 1.01 0.00 0.00 -0.00
89.45 10.00 13.00 1.01 0.00 0.00 -0.00
89.50 10.00 13.00 1.01 0.00 0.00 -0.00
89.55 10.00 13.00 1.01 0.00 0.00 -0.00
89.60 10.00 13.00 1.01 0.00 0.00 -0.00
89.65 10.00 13.00 1.01 0.00 0.00 -0.00
89.70 10.00 13.00 1.01 0.00 0.00 -0.00
89.75 10.00 13.00 1.01 0.00 0.00 -0.00
89.80 10.00 13.00 1.01 0.00 0.00 -0.00
89.85 10.00 13.00 1.01 0.00 -0.00 -0.00
89.90 10.00 13.00 1.01 0.00 -0.00 -0.00
89.95 10.00 13.00 1.01 -0.00 -0.00 -0.00
90.00 10.00 13.00 1.01 -0.00 -0.00 -0.00
90.05 10.00 13.00 1.01 -0.00 -0.00 -0.00
90.10 10.00 13.00 1.01 -0.00 -0.00 -0.00
90.15 10.00 13.00 1.01 -0.00 -0.00 -0.00
90.20 10.00 13.00 1.01 -0.00 -0.00 -0.00
90.25 10.00 13.00 1.01 -0.00 -0.00 -0.00
90.30 10.00 13.00 1.01 -0.00 -0.00 -0.00
90.35 10.00 13.00 1.01 -0.00 -0.00 -0.00
90.40 10.00 13.00 1.01 -0.00 -0.00 -0.00
90.45 10.00 13.00 1.01 -0.00 -0.00 -0.00
90.50 10.00 13.00 1.01 -0.00 -0.00 -0.00
90.55 10.00 13.00 1.01 -0.00 -0.00 -0.00
90.60 10.00 13.00 1.01 -0.00 -0.00 -0.00
90.65 10.00 13.00 1.01 -0.00 -0.00 -0.00
90.70 10.00 13.00 1.01 -0.00 -0.00 -0.00
90.75 10.00 13.00 1.01 -0.00 -0.00 -0.00
90.80 10.00 13.00 1.01 -0.00 -0.00 -0.00
90.85 10.00 13.00 1.01 -0.00 -0.00 -0.00
90.90 10.00 13.00 1.01 -0.00 -0.00 -0.00
90.95 10.00 13.00 1.01 -0.00 -0.00 -0.00
91.00 10.00 13.00 1.01 -0.00 -0.00 -0.00
91.05 10.00 13.00 1.01 -0.00 -0.00 -0.00
91.10 10.00 13.00 1.01 -0.00 -0.00 -0.00
91.15 10.00 13.00 1.01 -0.00 -0.00 -0.00
91.20 10.00 13.00 1.01 -0.00 -0.00 -0.00
91.25 10.00 13.00 1.01 -0.00 -0.00 -0.00
91.30 10.00 13.00 1.01 -0.00 -0.00 -0.00
91.35 10.00 13.00 1.01 -0.00 -0.00 -0.00
91.40 10.00 13.00 1.01 -0.00 -0.00 -0.00
91.45 10.00 13.00 1.01 -0.00 -0.00 -0.00
91.50 10.00 13.00 1.01 -0.00 -0.00 -0.00
91.55 10.00 13.00 1.01 -0.00 -0.00 -0.00
91.60 10.00 13.00 1.01 -0.00 -0.00 -0.00
91.65 10.00 13.00 1.01 -0.00 -0.00 -0.00
91.70 10.00 13.00 1.01 -0.00 -0.00 -0.00
91.75 10.00 13.00 1.01 -0.00 -0.00 -0.00
91.80 10.00 13.00 1.01 -0.00 -0.00 -0.00
91.85 10.00 13.00 1.01 -0.00 -0.00 -0.00
91.90 10.00 13.00 1.01 -0.00 -0.00 -0.00
91.95 10.00 13.00 1.01 -0.00 -0.00 -0.00
92.00 10.00 13.00 1.01 -0.00 -0.00 -0.00
92.05 10.00 13.00 1.01 -0.00 -0.00 -0.00
92.10 10.00 13.00 1.01 -0.00 -0.00 -0.00
92.15 10.00 13.00 1.01 -0.00 -0.00 -0.00
92.20 10.00 13.00 1.01 -0.00 -0.00 -0.00
92.25 10.00 13.00 1.01 -0.00 -0.00 -0.00
92.30 10.00 13.00 1.01 -0.00 -0.00 -0.00
92.35 10.00 13.00 1.01 -0.00 -0.00 -0.00
92.40 10.00 13.00 1.01 -0.00 -0.00 -0.00
92.45 10.00 13.00 1.01 -0.00 -0.00 -0.00
92.50 10.00 13.00 1.01 -0.00 -0.00 -0.00
92.55 10.00 13.00 1.01 -0.00 -0.00 -0.00
92.60 10.00 13.00 1.01 -0.00 -0.00 -0.00
92.65 10.00 13.00 1.01 -0.00 -0.00 -0.00
92.70 10.00 13.00 1.01 -0.00 -0.00 -0.00
92.75 10.00 13.00 1.01 -0.00 -0.00 -0.00
92.80 10.00 13.00 1.01 -0.00 -0.00 -0.00
92.85 10.00 13.00 1.01 -0.00 -0.00 -0.00
92.90 10.00 13.00 1.01 -0.00 -0.00 -0.00
92.95 10.00 13.00 1.01 -0.00 -0.00 -0.00
93.00 10.00 13.00 1.01 -0.00 -0.00 -0.00
93.05 10.00 13.00 1.01 -0.00 -0.00 -0.00
93.10 10.00 13.00 1.01 -0.00 -0.00 -0.00
93.15 10.00 13.00 1.01 -0.00 -0.00 -0.00
93.20 10.00 13.00 1.01 -0.00 -0.00 -0.00
93.25 10.00 13.00 1.01 -0.00 -0.00 -0.00
93.30 10.00 13.00 1.01 -0.00 -0.00 -0.00
93.35 10.00 13.00 1.01 -0.00 -0.00 -0.00
93.40 10.00 13.00 1.01 -0.00 -0.00 -0.00
93.45 10.00 13.00 1.01 -0.00 -0.00 -0.00
93.50 10.00 13.00 1.01 -0.00 -0.00 -0.00
93.55 10.00 13.00 1.01 -0.00 -0.00 -0.00
93.60 10.00 13.00 1.01 -0.00 -0.00 -0.00
93.65 10.00 13.00 1.01 -0.00 -0.00 -0.00
93.70 10.00 13.00 1.01 -0.00 -0.00 -0.00
93.75 10.00 13.00 1.01 -0.00 -0.00 -0.00
93.80 10.00 13.00 1.01 -0.00 -0.00 -0.00
93.85 10.00 13.00 1.01 -0.00 -0.00 -0.00
93.90 10.00 13.00 1.01 -0.00 -0.00 -0.00
93.95 10.00 13.00 1.01 -0.00 -0.00 -0.00
94.00 10.00 13.00 1.01 -0.00 -0.00 -0.00
94.05 10.00 13.00 1.01 -0.00 -0.00 -0.00
94.10 10.00 13.00 1.00 -0.00 -0.00 -0.00
94.15 10.00 13.00 1.00 -0.00 -0.00 -0.00
94.20 10.00 13.00 1.00 -0.00 -0.00 -0.00

94.57	10.00	13.00	1.00
94.57	9.00	15.00	1.00
94.62 10.00 13.00 1.00 -0.00 -0.00 -0.00
94.67 10.00 13.00 1.00 -0.06 0.08 -0.01
94.72 9.99 13.01 1.00 -0.19 0.27 -0.07
94.77 9.98 13.03 1.00 -0.34 0.51 -0.13
94.82 9.96 13.06 0.99 -0.49 0.77 -0.17
94.87 9.93 13.11 0.98 -0.64 1.06 -0.21
94.92 9.89 13.17 0.97 -0.79 1.35 -0.23
94.97 9.85 13.24 0.96 -0.93 1.64 -0.23
95.02 9.80 13.33 0.95 -1.05 1.91 -0.22
95.07 9.75 13.43 0.94 -1.16 2.14 -0.18
95.12 9.69 13.55 0.93 -1.24 2.33 -0.13
95.17 9.62 13.67 0.92 -1.29 2.48 -0.08
95.22 9.56 13.79 0.92 -1.33 2.58 -0.02
95.27 9.49 13.92 0.92 -1.34 2.64 0.03
95.32 9.42 14.06 0.92 -1.34 2.66 0.06
95.37 9.36 14.19 0.93 -1.31 2.65 0.09
95.42 9.29 14.32 0.93 -1.28 2.60 0.11
95.47 9.23 14.45 0.94 -1.23 2.53 0.12
95.52 9.17 14.57 0.94 -1.17 2.44 0.12
95.57 9.11 14.69 0.95 -1.11 2.33 0.11
95.62 9.06 14.81 0.95 -1.04 2.20 0.10
95.67 9.01 14.91 0.96 -0.96 2.07 0.08
95.72 8.96 15.01 0.96 -0.88 1.92 0.06
95.77 8.92 15.10 0.97 -0.80 1.76 0.04
95.82 8.88 15.19 0.97 -0.71 1.59 0.03
95.87 8.85 15.26 0.97 -0.63 1.42 0.01
95.92 8.82 15.33 0.97 -0.54 1.25 -0.00
95.97 8.80 15.39 0.97 -0.45 1.07 -0.01
96.02 8.78 15.44 0.97 -0.37 0.90 -0.02
96.07 8.76 15.48 0.97 -0.29 0.73 -0.02
96.12 8.75 15.51 0.96 -0.20 0.56 -0.02
96.17 8.74 15.53 0.96 -0.13 0.40 -0.02
96.22 8.73 15.55 0.96 -0.06 0.24 -0.01
96.27 8.73 15.56 0.96 0.01 0.10 -0.00
96.32 8.74 15.56 0.96 0.07 -0.04 0.01
96.37 8.74 15.55 0.96 0.13 -0.16 0.02
96.42 8.75 15.54 0.96 0.18 -0.27 0.03
96.47 8.76 15.53 0.97 0.23 -0.37 0.04
96.52 8.77 15.51 0.97 0.26 -0.46 0.05
96.57 8.78 15.48 0.97 0.30 -0.54 0.06
96.62 8.80 15.45 0.97 0.32 -0.60 0.06
96.67 8.82 15.42 0.98 0.34 -0.66 0.07
96.72 8.83 15.39 0.98 0.36 -0.70 0.07
96.77 8.85 15.35 0.98 0.37 -0.73 0.07
96.82 8.87 15.31 0.99 0.37 -0.74 0.07
96.87 8.89 15.28 0.99 0.37 -0.75 0.07
96.92 8.91 15.24 1.00 0.37 -0.75 0.07
96.97 8.93 15.20 1.00 0.36 -0.75 0.07
97.02 8.94 15.16 1.00 0.35 -0.73 0.06
97.07 8.96 15.13 1.00 0.34 -0.71 0.05
97.12 8.98 15.09 1.01 0.32 -0.68 0.05
97.17 8.99 15.06 1.01 0.30 -0.65 0.04
97.22 9.01 15.03 1.01 0.28 -0.61 0.03
97.27 9.02 15.00 1.01 0.26 -0.57 0.03
97.32 9.03 14.97 1.01 0.24 -0.52 0.02
97.37 9.04 14.95 1.02 0.21 -0.48 0.02
97.42 9.05 14.92 1.02 0.19 -0.43 0.01
97.47 9.06 14.90 1.02 0.16 -0.38 0.01
97.52 9.07 14.89 1.02 0.14 -0.33 0.00
97.57 9.08 14.87 1.02 0.11 -0.28 0.00
97.62 9.08 14.86 1.02 0.09 -0.23 -0.00
97.67 9.09 14.85 1.02 0.07 -0.18 -0.00
97.72 9.09 14.84 1.02 0.04 -0.14 -0.00
97.77 9.09 14.83 1.02 0.02 -0.09 -0.01
97.82 9.09 14.83 1.02 0.00 -0.05 -0.01
97.87 9.09 14.83 1.02 -0.02 -0.01 -0.00
97.92 9.09 14.83 1.02 -0.03 0.03 -0.00
97.97 9.09 14.83 1.02 -0.05 0.06 -0.00
98.02 9.08 14.84 1.02 -0.06 0.09 -0.00
98.07 9.08 14.84 1.02 -0.07 0.12 -0.00
98.12 9.08 14.85 1.02 -0.08 0.14 -0.00
98.17 9.07 14.86 1.02 -0.09 0.16 -0.00
98.22 9.07 14.86 1.02 -0.10 0.18 0.00
98.27 9.06 14.87 1.02 -0.10 0.19 0.00
98.32 9.06 14.88 1.02 -0.11 0.20 0.00
98.37 9.05 14.89 1.02 -0.11 0.21 0.00
98.42 9.05 14.90 1.02 -0.11 0.21 0.00
98.47 9.04 14.91 1.02 -0.11 0.22 0.00
98.52 9.04 14.93 1.02 -0.11 0.22 0.00
98.57 9.03 14.94 1.02 -0.11 0.21 0.00
98.62 9.03 14.95 1.02 -0.10 0.21 0.00
98.67 9.02 14.96 1.02 -0.10 0.20 0.00
98.72 9.02 14.97 1.02 -0.09 0.19 0.00
98.77 9.01 14.98 1.02 -0.09 0.18 -0.00
98.82 9.01 14.99 1.02 -0.08 0.17 -0.00
98.87 9.00 14.99 1.02 -0.08 0.16 -0.00
98.92 9.00 15.00 1.02 -0.07 0.15 -0.00
98.97 9.00 15.01 1.02 -0.06 0.14 -0.00
99.02 8.99 15.02 1.02 -0.06 0.12 -0.00
99.07 8.99 15.02 1.02 -0.05 0.11 -0.00
99.12 8.99 15.03 1.02 -0.04 0.09 -0.00
99.17 8.99 15.03 1.01 -0.03 0.08 -0.00
99.22 8.98 15.03 1.01 -0.03 0.07 -0.00
99.27 8.98 15.04 1.01 -0.02 0.05 -0.00
99.32 8.98 15.04 1.01 -0.01 0.04 -0.00
99.37 8.98 15.04 1.01 -0.01 0.03 -0.00
99.42 8.98 15.04 1.01 -0.00 0.01 -0.00
99.47 8.98 15.04 1.01 0.00 0.00 -0.00
99.52 8.98 15.04 1.01 0.01 -0.01 -0.00
99.57 8.98 15.04 1.01 0.01 -0.02 -0.00
99.62 8.98 15.04 1.01 0.01 -0.02 -0.00
99.67 8.98 15.04 1.01 0.02 -0.03 -0.00
99.72 8.98 15.04 1.01 0.02 -0.04 -0.00
99.77 8.99 15.04 1.01 0.02 -0.04 -0.00
99.82 8.99 15.03 1.01 0.02 -0.05 -0.00
99.87 8.99 15.03 1.01 0.03 -0.05 -0.00
99.92 8.99 15.03 1.01 0.03 -0.05 -0.00
99.97 8.99 15.03 1.01 0.03 -0.06 -0.00
100.02 8.99 15.02 1.01 0.03 -0.06 -0.00
100.07 8.99 15.02 1.01 0.03 -0.06 -0.00
100.12 9.00 15.02 1.01 0.03 -0.06 -0.00
100.17 9.00 15.01 1.01 0.03 -0.06 -0.00
100.22 9.00 15.01 1.01 0.03 -0.06 -0.00
100.27 9.00 15.01 1.01 0.03 -0.05 -0.00
100.32 9.00 15.01 1.01 0.02 -0.05 -0.00
100.37 9.00 15.00 1.01 0.02 -0.05 -0.00
100.42 9.00 15.00 1.01 0.02 -0.05 -0.00
100.47 9.00 15.00 1.01 0.02 -0.04 -0.00
100.52 9.00 15.00 1.01 0.02 -0.04 -0.00
100.57 9.01 14.99 1.01 0.02 -0.04 -0.00
100.62 9.01 14.99 1.01 0.01 -0.03 -0.00
100.67 9.01 14.99 1.01 0.01 -0.03 -0.00
100.72 9.01 14.99 1.01 0.01 -0.02 -0.00
100.77 9.01 14.99 1.01 0.01 -0.02 -0.00
100.82 9.01 14.99 1.01 0.01 -0.02 -0.00
100.87 9.01 14.99 1.01 0.00 -0.01 -0.00
100.92 9.01 14.99 1.01 0.00 -0.01 -0.00
100.97 9.01 14.99 1.01 0.00 -0.01 -0.00
101.02 9.01 14.99 1.01 -0.00 -0.00 -0.00
101.07 9.01 14.99 1.01 -0.00 0.00 -0.00
101.12 9.01 14.99 1.01 -0.00 0.00 -0.00
101.17 9.01 14.99 1.01 -0.00 0.01 -0.00
101.22 9.01 14.99 1.01 -0.01 0.01 -0.00
101.27 9.01 14.99 1.01 -0.01 0.01 -0.00
101.32 9.01 14.99 1.01 -0.01 0.01 -0.00
101.37 9.01 14.99 1.01 -0.01 0.01 -0.00
101.42 9.01 14.99 1.01 -0.01 0.01 -0.00
101.47 9.01 14.99 1.01 -0.01 0.02 -0.00
101.52 9.01 14.99 1.01 -0.01 0.02 -0.00
101.57 9.01 14.99 1.01 -0.01 0.02 -0.00
101.62 9.00 14.99 1.01 -0.01 0.02 -0.00
101.67 9.00 14.99 1.01 -0.01 0.02 -0.00
101.72 9.00 14.99 1.01 -0.01 0.02 -0.00
101.77 9.00 14.99 1.01 -0.01 0.02 -0.00
101.82 9.00 15.00 1.01 -0.01 0.02 -0.00
101.87 9.00 15.00 1.01 -0.01 0.02 -0.00
101.92 9.00 15.00 1.01 -0.01 0.02 -0.00
101.97 9.00 15.00 1.01 -0.01 0.01 -0.00
102.02 9.00 15.00 1.01 -0.01 0.01 -0.00
102.07 9.00 15.00 1.01 -0.01 0.01 -0.00
102.12 9.00 15.00 1.01 -0.01 0.01 -0.00
102.17 9.00 15.00 1.01 -0.01 0.01 -0.00
102.22 9.00 15.00 1.01 -0.00 0.01 -0.00
102.27 9.00 15.00 1.01 -0.00 0.01 -0.00
102.32 9.00 15.00 1.01 -0.00 0.01 -0.00
102.37 9.00 15.00 1.01 -0.00 0.01 -0.00
102.42 9.00 15.00 1.01 -0.00 0.01 -0.00
102.47 9.00 15.00 1.01 -0.00 0.00 -0.00
102.52 9.00 15.00 1.01 -0.00 0.00 -0.00
102.57 9.00 15.00 1.01 -0.00 0.00 -0.00
102.62 9.00 15.00 1.01 -0.00 0.00 -0.00
102.67 9.00 15.00 1.01 -0.00 0.00 -0.00
102.72 9.00 15.00 1.01 0.00 -0.00 -0.00
102.77 9.00 15.00 1.01 0.00 -0.00 -0.00
102.82 9.00 15.00 1.01 0.00 -0.00 -0.00
102.87 9.00 15.00 1.01 0.00 -0.00 -0.00
102.92 9.00 15.00 1.01 0.00 -0.00 -0.00
102.97 9.00 15.00 1.01 0.00 -0.00 -0.00
103.02 9.00 15.00 1.01 0.00 -0.00 -0.00
103.07 9.00 15.00 1.01 0.00 -0.00 -0.00
103.12 9.00 15.00 1.01 0.00 -0.00 -0.00
103.17 9.00 15.00 1.01 0.00 -0.00 -0.00
103.22 9.00 15.00 1.01 0.00 -0.00 -0.00
103.27 9.00 15.00 1.01 0.00 -0.00 -0.00
103.32 9.00 15.00 1.01 0.00 -0.00 -0.00
103.37 9.00 15.00 1.01 0.00 -0.00 -0.00
103.42 9.00 15.00 1.01 0.00 -0.00 -0.00
103.47 9.00 15.00 1.01 0.00 -0.00 -0.00
103.52 9.00 15.00 1.01 0.00 -0.00 -0.00
103.57 9.00 15.00 1.01 0.00 -0.00 -0.00
103.62 9.00 15.00 1.01 0.00 -0.00 -0.00
103.67 9.00 15.00 1.01 0.00 -0.00 -0.00
103.72 9.00 15.00 1.01 0.00 -0.00 -0.00
103.77 9.00 15.00 1.01 0.00 -0.00 -0.00
103.82 9.00 15.00 1.01 0.00 -0.00 -0.00
103.87 9.00 15.00 1.01 0.00 -0.00 -0.00
103.92 9.00 15.00 1.01 0.00 -0.00 -0.00
103.97 9.00 15.00 1.01 0.00 -0.00 -0.00
104.02 9.00 15.00 1.01 0.00 -0.00 -0.00
104.07 9.00 15.00 1.01 0.00 -0.00 -0.00
104.12 9.00 15.00 1.01 -0.00 -0.00 -0.00
104.17 9.00 15.00 1.01 -0.00 -0.00 -0.00
104.22 9.00 15.00 1.01 -0.00 -0.00 -0.00
104.27 9.00 15.00 1.01 -0.00 0.00 -0.00
104.32 9.00 15.00 1.01 -0.00 0.00 -0.00
104.37 9.00 15.00 1.01 -0.00 0.00 -0.00
104.42 9.00 15.00 1.01 -0.00 0.00 -0.00
104.47 9.00 15.00 1.01 -0.00 0.00 -0.00
104.52 9.00 15.00 1.01 -0.00 0.00 -0.00
104.57 9.00 15.00 1.01 -0.00 0.00 -0.00
104.62 9.00 15.00 1.01 -0.00 0.00 -0.00
104.67 9.00 15.00 1.01 -0.00 0.00 -0.00
104.72 9.00 15.00 1.01 -0.00 0.00 -0.00
104.77 9.00 15.00 1.01 -0.00 0.00 -0.00
104.82 9.00 15.00 1.00 -0.00 0.00 -0.00
104.87 9.00 15.00 1.00 -0.00 0.00 -0.00
104.92 9.00 15.00 1.00 -0.00 0.00 -0.00
104.97 9.00 15.00 1.00 -0.00 0.00 -0.00
105.02 9.00 15.00 1.00 -0.00 0.00 -0.00
105.07 9.00 15.00 1.00 -0.00 0.00 -0.00
105.12 9.00 15.00 1.00 -0.00 0.00 -0.00
105.17 9.00 15.00 1.00 -0.00 0.00 -0.00
105.22 9.00 15.00 1.00 -0.00 0.00 -0.00
105.27 9.00 15.00 1.00 -0.00 0.00 -0.00
105.32 9.00 15.00 1.00 -0.00 0.00 -0.00
105.37 9.00 15.00 1.00 -0.00 0.00 -0.00
105.42 9.00 15.00 1.00 -0.00 0.00 -0.00
105.47 9.00 15.00 1.00 -0.00 0.00 -0.00
105.52 9.00 15.00 1.00 -0.00 0.00 -0.00
105.57 9.00 15.00 1.00 -0.00 0.00 -0.00
105.62 9.00 15.00 1.00 -0.00 0.00 -0.00

105.89	9.00	15.00	1.00
105.89	8.00	17.00	1.00
105.91 9.00 15.00 1.00 -0.00 0.00 -0.00
105.96 9.00 15.00 1.00 -0.01 0.01 -0.00
106.01 9.00 15.00 1.00 -0.11 0.15 -0.03
106.06 8.99 15.02 1.00 -0.25 0.36 -0.09
106.11 8.97 15.04 0.99 -0.40 0.61 -0.15
106.16 8.95 15.08 0.99 -0.55 0.89 -0.19
106.21 8.92 15.13 0.98 -0.70 1.17 -0.22
106.26 8.88 15.20 0.96 -0.85 1.47 -0.24
106.31 8.83 15.28 0.95 -0.98 1.75 -0.23
106.36 8.78 15.37 0.94 -1.10 2.00 -0.20
106.41 8.72 15.48 0.93 -1.19 2.22 -0.16
106.46 8.66 15.59 0.93 -1.26 2.40 -0.11
106.51 8.60 15.72 0.92 -1.31 2.52 -0.05
106.56 8.53 15.84 0.92 -1.34 2.61 -0.00
106.61 8.46 15.98 0.92 -1.34 2.65 0.04
106.66 8.40 16.11 0.92 -1.33 2.66 0.08
106.71 8.33 16.24 0.93 -1.30 2.63 0.10
106.76 8.27 16.37 0.93 -1.26 2.58 0.12
106.81 8.21 16.50 0.94 -1.21 2.50 0.12
106.86 8.15 16.62 0.95 -1.15 2.40 0.12
106.91 8.09 16.74 0.95 -1.08 2.28 0.10
106.96 8.04 16.85 0.96 -1.01 2.15 0.09
107.01 7.99 16.95 0.96 -0.93 2.01 0.07
107.06 7.95 17.05 0.96 -0.85 1.85 0.05
107.11 7.91 17.14 0.97 -0.77 1.69 0.04
107.16 7.87 17.22 0.97 -0.68 1.52 0.02
107.21 7.84 17.29 0.97 -0.59 1.35 0.00
107.26 7.81 17.35 0.97 -0.51 1.18 -0.01
107.31 7.79 17.41 0.97 -0.42 1.00 -0.01
107.36 7.77 17.45 0.97 -0.33 0.83 -0.02
107.41 7.75 17.49 0.97 -0.25 0.66 -0.02
107.46 7.74 17.52 0.96 -0.17 0.49 -0.02
107.51 7.74 17.54 0.96 -0.10 0.34 -0.01
107.56 7.73 17.55 0.96 -0.03 0.19 -0.01
107.61 7.73 17.56 0.96 0.04 0.04 0.00
107.66 7.74 17.56 0.96 0.10 -0.09 0.01
107.71 7.74 17.55 0.96 0.15 -0.21 0.02
107.76 7.75 17.54 0.97 0.20 -0.32 0.03
107.81 7.76 17.52 0.97 0.24 -0.41 0.04
107.86 7.78 17.50 0.97 0.28 -0.49 0.05
107.91 7.79 17.47 0.97 0.31 -0.57 0.06
107.96 7.81 17.44 0.98 0.33 -0.63 0.07
108.01 7.82 17.41 0.98 0.35 -0.67 0.07
108.06 7.84 17.37 0.98 0.36 -0.71 0.07
108.11 7.86 17.34 0.99 0.37 -0.73 0.07
108.16 7.88 17.30 0.99 0.37 -0.75 0.07
108.21 7.90 17.26 0.99 0.37 -0.75 0.07
108.26 7.92 17.22 1.00 0.37 -0.75 0.07
108.31 7.93 17.19 1.00 0.36 -0.74 0.06
108.36 7.95 17.15 1.00 0.34 -0.72 0.06
108.41 7.97 17.11 1.01 0.33 -0.70 0.05
108.46 7.98 17.08 1.01 0.31 -0.67 0.05
108.51 8.00 17.05 1.01 0.29 -0.63 0.04
108.56 8.01 17.02 1.01 0.27 -0.59 0.03
108.61 8.03 16.99 1.01 0.25 -0.55 0.03
108.66 8.04 16.96 1.01 0.23 -0.51 0.02
108.71 8.05 16.94 1.02 0.20 -0.46 0.01
108.76 8.06 16.92 1.02 0.18 -0.41 0.01
108.81 8.07 16.90 1.02 0.15 -0.36 0.01
108.86 8.07 16.88 1.02 0.13 -0.31 0.00
108.91 8.08 16.87 1.02 0.10 -0.26 -0.00
108.96 8.08 16.85 1.02 0.08 -0.21 -0.00
109.01 8.09 16.84 1.02 0.06 -0.16 -0.00
109.06 8.09 16.84 1.02 0.04 -0.12 -0.00
109.11 8.09 16.83 1.02 0.01 -0.07 -0.01
109.16 8.09 16.83 1.02 -0.00 -0.03 -0.01
109.21 8.09 16.83 1.02 -0.02 0.00 -0.00
109.26 8.09 16.83 1.02 -0.04 0.04 -0.00
109.31 8.09 16.83 1.02 -0.05 0.07 -0.00
109.36 8.08 16.84 1.01 -0.07 0.10 -0.00
109.41 8.08 16.84 1.01 -0.08 0.13 -0.00
109.46 8.08 16.85 1.01 -0.09 0.15 -0.00
109.51 8.07 16.86 1.01 -0.09 0.17 -0.00
109.56 8.07 16.87 1.01 -0.10 0.18 0.00
109.61 8.06 16.88 1.01 -0.10 0.20 0.00
109.66 8.06 16.89 1.01 -0.11 0.21 0.00
109.71 8.05 16.90 1.01 -0.11 0.21 0.00
109.76 8.05 16.91 1.02 -0.11 0.22 0.00
109.81 8.04 16.92 1.02 -0.11 0.22 0.00
109.86 8.03 16.93 1.02 -0.11 0.22 0.00
109.91 8.03 16.94 1.02 -0.11 0.21 0.00
109.96 8.02 16.95 1.02 -0.10 0.21 0.00
110.01 8.02 16.96 1.02 -0.10 0.20 0.00
110.06 8.01 16.97 1.02 -0.09 0.19 0.00
110.11 8.01 16.98 1.02 -0.09 0.18 -0.00
110.16 8.01 16.99 1.02 -0.08 0.17 -0.00
110.21 8.00 17.00 1.02 -0.07 0.16 -0.00
110.26 8.00 17.00 1.02 -0.07 0.14 -0.00
110.31 7.99 17.01 1.02 -0.06 0.13 -0.00
110.36 7.99 17.02 1.02 -0.05 0.12 -0.00
110.41 7.99 17.02 1.01 -0.05 0.10 -0.00
110.46 7.99 17.03 1.01 -0.04 0.09 -0.00
110.51 7.99 17.03 1.01 -0.03 0.07 -0.00
110.56 7.98 17.03 1.01 -0.02 0.06 -0.00
110.61 7.98 17.04 1.01 -0.02 0.05 -0.00
110.66 7.98 17.04 1.01 -0.01 0.03 -0.00
110.71 7.98 17.04 1.01 -0.01 0.02 -0.00
110.76 7.98 17.04 1.01 -0.00 0.01 -0.00
110.81 7.98 17.04 1.01 0.00 -0.00 -0.00
110.86 7.98 17.04 1.01 0.01 -0.01 -0.00
110.91 7.98 17.04 1.01 0.01 -0.02 -0.00
110.96 7.98 17.04 1.01 0.02 -0.03 -0.00
111.01 7.98 17.04 1.01 0.02 -0.03 -0.00
111.06 7.99 17.04 1.01 0.02 -0.04 -0.00
111.11 7.99 17.03 1.01 0.02 -0.05 -0.00
111.16 7.99 17.03 1.01 0.03 -0.05 -0.00
111.21 7.99 17.03 1.01 0.03 -0.05 -0.00
111.26 7.99 17.03 1.01 0.03 -0.06 -0.00
111.31 7.99 17.02 1.01 0.03 -0.06 -0.00
111.36 7.99 17.02 1.01 0.03 -0.06 -0.00
111.41 7.99 17.02 1.01 0.03 -0.06 -0.00
111.46 8.00 17.02 1.01 0.03 -0.06 -0.00
111.51 8.00 17.01 1.01 0.03 -0.06 -0.00
111.56 8.00 17.01 1.01 0.03 -0.06 -0.00
111.61 8.00 17.01 1.01 0.02 -0.05 -0.00
111.66 8.00 17.00 1.01 0.02 -0.05 -0.00
111.71 8.00 17.00 1.01 0.02 -0.05 -0.00
111.76 8.00 17.00 1.01 0.02 -0.04 -0.00
111.81 8.00 17.00 1.01 0.02 -0.04 -0.00
111.86 8.00 17.00 1.01 0.02 -0.04 -0.00
111.91 8.01 16.99 1.01 0.01 -0.03 -0.00
111.96 8.01 16.99 1.01 0.01 -0.03 -0.00
112.01 8.01 16.99 1.01 0.01 -0.03 -0.00
112.06 8.01 16.99 1.01 0.01 -0.02 -0.00
112.11 8.01 16.99 1.01 0.01 -0.02 -0.00
112.16 8.01 16.99 1.01 0.00 -0.01 -0.00
112.21 8.01 16.99 1.01 0.00 -0.01 -0.00
112.26 8.01 16.99 1.01 0.00 -0.01 -0.00
112.31 8.01 16.99 1.01 0.00 -0.00 -0.00
112.36 8.01 16.99 1.01 -0.00 -0.00 -0.00
112.41 8.01 16.99 1.01 -0.00 0.00 -0.00
112.46 8.01 16.99 1.01 -0.00 0.00 -0.00
112.51 8.01 16.99 1.01 -0.00 0.01 -0.00
112.56 8.01 16.99 1.01 -0.01 0.01 -0.00
112.61 8.01 16.99 1.01 -0.01 0.01 -0.00
112.66 8.01 16.99 1.01 -0.01 0.01 -0.00
112.71 8.01 16.99 1.01 -0.01 0.01 -0.00
112.76 8.01 16.99 1.01 -0.01 0.01 -0.00
112.81 8.01 16.99 1.01 -0.01 0.02 -0.00
112.86 8.01 16.99 1.01 -0.01 0.02 -0.00
112.91 8.00 16.99 1.01 -0.01 0.02 -0.00
112.96 8.00 16.99 1.01 -0.01 0.02 -0.00
113.01 8.00 16.99 1.01 -0.01 0.02 -0.00
113.06 8.00 16.99 1.01 -0.01 0.02 -0.00
113.11 8.00 16.99 1.01 -0.01 0.02 -0.00
113.16 8.00 17.00 1.01 -0.01 0.02 -0.00
113.21 8.00 17.00 1.01 -0.01 0.02 -0.00
113.26 8.00 17.00 1.01 -0.01 0.01 -0.00
113.31 8.00 17.00 1.01 -0.01 0.01 -0.00
113.36 8.00 17.00 1.01 -0.01 0.01 -0.00
113.41 8.00 17.00 1.01 -0.01 0.01 -0.00
113.46 8.00 17.00 1.01 -0.01 0.01 -0.00
113.51 8.00 17.00 1.01 -0.00 0.01 -0.00
113.56 8.00 17.00 1.01 -0.00 0.01 -0.00
113.61 8.00 17.00 1.01 -0.00 0.01 -0.00
113.66 8.00 17.00 1.01 -0.00 0.01 -0.00
113.71 8.00 17.00 1.01 -0.00 0.01 -0.00
113.76 8.00 17.00 1.01 -0.00 0.00 -0.00
113.81 8.00 17.00 1.01 -0.00 0.00 -0.00
113.86 8.00 17.00 1.01 -0.00 0.00 -0.00
113.91 8.00 17.00 1.01 -0.00 0.00 -0.00
113.96 8.00 17.00 1.01 -0.00 0.00 -0.00
114.01 8.00 17.00 1.01 0.00 0.00 -0.00
114.06 8.00 17.00 1.01 0.00 -0.00 -0.00
114.11 8.00 17.00 1.01 0.00 -0.00 -0.00
114.16 8.00 17.00 1.01 0.00 -0.00 -0.00
114.21 8.00 17.00 1.01 0.00 -0.00 -0.00
114.26 8.00 17.00 1.01 0.00 -0.00 -0.00
114.31 8.00 17.00 1.01 0.00 -0.00 -0.00
114.36 8.00 17.00 1.01 0.00 -0.00 -0.00
114.41 8.00 17.00 1.01 0.00 -0.00 -0.00
114.47 8.00 17.00 1.01 0.00 -0.00 -0.00
114.52 8.00 17.00 1.01 0.00 -0.00 -0.00
114.57 8.00 17.00 1.01 0.00 -0.00 -0.00
114.62 8.00 17.00 1.01 0.00 -0.00 -0.00
114.67 8.00 17.00 1.01 0.00 -0.00 -0.00
114.72 8.00 17.00 1.01 0.00 -0.00 -0.00
114.77 8.00 17.00 1.01 0.00 -0.00 -0.00
114.82 8.00 17.00 1.01 0.00 -0.00 -0.00
114.87 8.00 17.00 1.01 0.00 -0.00 -0.00
114.92 8.00 17.00 1.01 0.00 -0.00 -0.00
114.97 8.00 17.00 1.01 0.00 -0.00 -0.00
115.02 8.00 17.00 1.01 0.00 -0.00 -0.00
115.07 8.00 17.00 1.01 0.00 -0.00 -0.00
115.12 8.00 17.00 1.01 0.00 -0.00 -0.00
115.17 8.00 17.00 1.01 0.00 -0.00 -0.00
115.22 8.00 17.00 1.01 0.00 -0.00 -0.00
115.27 8.00 17.00 1.01 0.00 -0.00 -0.00
115.32 8.00 17.00 1.01 0.00 -0.00 -0.00
115.37 8.00 17.00 1.01 0.00 -0.00 -0.00
115.42 8.00 17.00 1.01 0.00 -0.00 -0.00
115.47 8.00 17.00 1.01 -0.00 -0.00 -0.00
115.52 8.00 17.00 1.01 -0.00 -0.00 -0.00
115.57 8.00 17.00 1.01 -0.00 0.00 -0.00
115.62 8.00 17.00 1.01 -0.00 0.00 -0.00
115.67 8.00 17.00 1.01 -0.00 0.00 -0.00
115.72 8.00 17.00 1.01 -0.00 0.00 -0.00
115.77 8.00 17.00 1.01 -0.00 0.00 -0.00
115.82 8.00 17.00 1.01 -0.00 0.00 -0.00
115.87 8.00 17.00 1.01 -0.00 0.00 -0.00
115.92 8.00 17.00 1.01 -0.00 0.00 -0.00
115.97 8.00 17.00 1.01 -0.00 0.00 -0.00
116.02 8.00 17.00 1.01 -0.00 0.00 -0.00
116.07 8.00 17.00 1.00 -0.00 0.00 -0.00
116.12 8.00 17.00 1.00 -0.00 0.00 -0.00
116.17 8.00 17.00 1.00 -0.00 0.00 -0.00
116.22 8.00 17.00 1.00 -0.00 0.00 -0.00
116.27 8.00 17.00 1.00 -0.00 0.00 -0.00
116.32 8.00 17.00 1.00 -0.00 0.00 -0.00
116.37 8.00 17.00 1.00 -0.00 0.00 -0.00
116.42 8.00 17.00 1.00 -0.00 0.00 -0.00
116.47 8.00 17.00 1.00 -0.00 0.00 -0.00
116.52 8.00 17.00 1.00 -0.00 0.00 -0.00
116.57 8.00 17.00 1.00 -0.00 0.00 -0.00
116.62 8.00 17.00 1.00 -0.00 0.00 -0.00
116.67 8.00 17.00 1.00 -0.00 0.00 -0.00
116.72 8.00 17.00 1.00 -0.00 0.00 -0.00
116.77 8.00 17.00 1.00 -0.00 0.00 -0.00
116.82 8.00 17.00 1.00 -0.00 0.00 -0.00
116.87 8.00 17.00 1.00 -0.00 0.00 -0.00
116.92 8.00 17.00 1.00 -0.00 0.00 -0.00

116.96	8.00	17.00	1.00
116.96	7.00	19.00	1.00
116.99 8.00 17.00 1.00 -0.00 0.00 -0.00
117.04 8.00 17.00 1.00 -0.02 0.03 -0.00
117.09 8.00 17.01 1.00 -0.13 0.19 -0.04
117.14 7.99 17.02 1.00 -0.28 0.41 -0.10
117.19 7.97 17.05 0.99 -0.43 0.67 -0.16
117.24 7.94 17.09 0.98 -0.58 0.94 -0.20
117.29 7.91 17.14 0.97 -0.73 1.23 -0.22
117.34 7.87 17.21 0.96 -0.88 1.53 -0.24
117.39 7.82 17.29 0.95 -1.01 1.80 -0.23
117.44 7.77 17.39 0.94 -1.12 2.05 -0.19
117.49 7.71 17.50 0.93 -1.21 2.26 -0.15
117.54 7.65 17.62 0.92 -1.27 2.42 -0.10
117.59 7.58 17.74 0.92 -1.32 2.54 -0.04
117.64 7.52 17.87 0.92 -1.34 2.62 0.01
117.69 7.45 18.00 0.92 -1.34 2.66 0.05
117.74 7.38 18.14 0.93 -1.32 2.66 0.08
117.79 7.32 18.27 0.93 -1.29 2.62 0.11
117.84 7.25 18.40 0.94 -1.25 2.56 0.12
117.89 7.19 18.52 0.94 -1.20 2.48 0.12
117.94 7.14 18.65 0.95 -1.14 2.38 0.11
117.99 7.08 18.76 0.95 -1.07 2.26 0.10
118.04 7.03 18.87 0.96 -0.99 2.12 0.09
118.09 6.98 18.97 0.96 -0.91 1.98 0.07
118.14 6.94 19.07 0.96 -0.83 1.82 0.05
118.20 6.89 19.17 0.97 -0.73 1.63 0.03
118.25 6.86 19.25 0.97 -0.64 1.46 0.01
118.30 6.83 19.32 0.97 -0.56 1.28 -0.00
118.35 6.80 19.38 0.97 -0.47 1.11 -0.01
118.40 6.78 19.43 0.97 -0.39 0.93 -0.02
118.45 6.76 19.47 0.97 -0.30 0.76 -0.02
118.50 6.75 19.50 0.96 -0.22 0.59 -0.02
118.55 6.74 19.53 0.96 -0.14 0.43 -0.02
118.60 6.73 19.55 0.96 -0.07 0.27 -0.01
118.65 6.73 19.56 0.96 -0.00 0.13 -0.00
118.70 6.73 19.56 0.96 0.06 -0.01 0.00
118.75 6.74 19.56 0.96 0.12 -0.14 0.01
118.80 6.75 19.55 0.96 0.17 -0.25 0.03
118.85 6.76 19.53 0.97 0.22 -0.36 0.04
118.90 6.77 19.51 0.97 0.26 -0.45 0.05
118.95 6.78 19.49 0.97 0.29 -0.52 0.05
119.00 6.80 19.46 0.97 0.32 -0.59 0.06
119.05 6.81 19.43 0.98 0.34 -0.65 0.07
119.10 6.83 19.39 0.98 0.36 -0.69 0.07
119.15 6.85 19.36 0.98 0.37 -0.72 0.07
119.20 6.87 19.32 0.99 0.37 -0.74 0.07
119.25 6.89 19.28 0.99 0.37 -0.75 0.07
119.30 6.90 19.25 0.99 0.37 -0.75 0.07
119.35 6.92 19.21 1.00 0.36 -0.75 0.07
119.40 6.94 19.17 1.00 0.35 -0.73 0.06
119.45 6.96 19.14 1.00 0.34 -0.71 0.06
119.50 6.97 19.10 1.01 0.32 -0.69 0.05
119.55 6.99 19.07 1.01 0.30 -0.65 0.04
119.60 7.01 19.03 1.01 0.28 -0.62 0.04
119.65 7.02 19.00 1.01 0.26 -0.58 0.03
119.70 7.03 18.98 1.01 0.24 -0.53 0.02
119.75 7.04 18.95 1.02 0.22 -0.49 0.02
119.80 7.05 18.93 1.02 0.19 -0.44 0.01
119.85 7.06 18.91 1.02 0.17 -0.39 0.01
119.90 7.07 18.89 1.02 0.14 -0.34 0.00
119.95 7.08 18.87 1.02 0.12 -0.29 0.00
120.00 7.08 18.86 1.02 0.09 -0.24 -0.00
120.05 7.09 18.85 1.02 0.07 -0.19 -0.00
120.10 7.09 18.84 1.02 0.05 -0.14 -0.00
120.15 7.09 18.84 1.02 0.03 -0.10 -0.00
120.20 7.09 18.83 1.02 0.01 -0.06 -0.01
120.25 7.09 18.83 1.02 -0.01 -0.02 -0.00
120.30 7.09 18.83 1.02 -0.03 0.02 -0.00
120.35 7.09 18.83 1.02 -0.04 0.05 -0.00
120.40 7.09 18.84 1.02 -0.06 0.08 -0.00
120.45 7.08 18.84 1.02 -0.07 0.11 -0.00
120.50 7.08 18.85 1.01 -0.08 0.14 -0.00
120.55 7.07 18.85 1.01 -0.09 0.16 -0.00
120.60 7.07 18.86 1.01 -0.10 0.17 -0.00
120.65 7.06 18.87 1.01 -0.10 0.19 0.00
120.70 7.06 18.88 1.01 -0.11 0.20 0.00
120.75 7.05 18.89 1.01 -0.11 0.21 0.00
120.80 7.05 18.90 1.02 -0.11 0.21 0.00
120.85 7.04 18.91 1.02 -0.11 0.22 0.00
120.90 7.04 18.92 1.02 -0.11 0.22 0.00
120.95 7.03 18.93 1.02 -0.11 0.21 0.00
121.00 7.03 18.94 1.02 -0.10 0.21 0.00
121.05 7.02 18.96 1.02 -0.10 0.20 0.00
121.10 7.02 18.97 1.02 -0.09 0.20 0.00
121.15 7.01 18.97 1.02 -0.09 0.19 0.00
121.20 7.01 18.98 1.02 -0.08 0.18 -0.00
121.25 7.00 18.99 1.02 -0.08 0.16 -0.00
121.30 7.00 19.00 1.02 -0.07 0.15 -0.00
121.35 7.00 19.01 1.02 -0.06 0.14 -0.00
121.40 6.99 19.01 1.02 -0.06 0.12 -0.00
121.45 6.99 19.02 1.02 -0.05 0.11 -0.00
121.50 6.99 19.02 1.01 -0.04 0.10 -0.00
121.55 6.99 19.03 1.01 -0.04 0.08 -0.00
121.60 6.99 19.03 1.01 -0.03 0.07 -0.00
121.65 6.98 19.04 1.01 -0.02 0.05 -0.00
121.70 6.98 19.04 1.01 -0.02 0.04 -0.00
121.75 6.98 19.04 1.01 -0.01 0.03 -0.00
121.80 6.98 19.04 1.01 -0.00 0.02 -0.00
121.85 6.98 19.04 1.01 0.00 0.01 -0.00
121.90 6.98 19.04 1.01 0.01 -0.00 -0.00
121.95 6.98 19.04 1.01 0.01 -0.01 -0.00
122.00 6.98 19.04 1.01 0.01 -0.02 -0.00
122.05 6.98 19.04 1.01 0.02 -0.03 -0.00
122.10 6.98 19.04 1.01 0.02 -0.04 -0.00
122.15 6.99 19.04 1.01 0.02 -0.04 -0.00
122.20 6.99 19.03 1.01 0.02 -0.05 -0.00
122.25 6.99 19.03 1.01 0.03 -0.05 -0.00
122.30 6.99 19.03 1.01 0.03 -0.05 -0.00
122.35 6.99 19.03 1.01 0.03 -0.06 -0.00
122.40 6.99 19.02 1.01 0.03 -0.06 -0.00
122.45 6.99 19.02 1.01 0.03 -0.06 -0.00
122.50 7.00 19.02 1.01 0.03 -0.06 -0.00
122.55 7.00 19.01 1.01 0.03 -0.06 -0.00
122.60 7.00 19.01 1.01 0.03 -0.06 -0.00
122.65 7.00 19.01 1.01 0.03 -0.05 -0.00
122.70 7.00 19.01 1.01 0.02 -0.05 -0.00
122.75 7.00 19.00 1.01 0.02 -0.05 -0.00
122.80 7.00 19.00 1.01 0.02 -0.05 -0.00
122.85 7.00 19.00 1.01 0.02 -0.04 -0.00
122.90 7.00 19.00 1.01 0.02 -0.04 -0.00
122.95 7.01 18.99 1.01 0.02 -0.04 -0.00
123.00 7.01 18.99 1.01 0.01 -0.03 -0.00
123.05 7.01 18.99 1.01 0.01 -0.03 -0.00
123.10 7.01 18.99 1.01 0.01 -0.02 -0.00
123.15 7.01 18.99 1.01 0.01 -0.02 -0.00
123.20 7.01 18.99 1.01 0.01 -0.02 -0.00
123.25 7.01 18.99 1.01 0.00 -0.01 -0.00
123.30 7.01 18.99 1.01 0.00 -0.01 -0.00
123.35 7.01 18.99 1.01 0.00 -0.01 -0.00
123.40 7.01 18.99 1.01 -0.00 -0.00 -0.00
123.45 7.01 18.99 1.01 -0.00 -0.00 -0.00
123.50 7.01 18.99 1.01 -0.00 0.00 -0.00
123.55 7.01 18.99 1.01 -0.00 0.01 -0.00
123.60 7.01 18.99 1.01 -0.01 0.01 -0.00
123.65 7.01 18.99 1.01 -0.01 0.01 -0.00
123.70 7.01 18.99 1.01 -0.01 0.01 -0.00
123.75 7.01 18.99 1.01 -0.01 0.01 -0.00
123.80 7.01 18.99 1.01 -0.01 0.01 -0.00
123.85 7.01 18.99 1.01 -0.01 0.02 -0.00
123.90 7.01 18.99 1.01 -0.01 0.02 -0.00
123.95 7.01 18.99 1.01 -0.01 0.02 -0.00
124.00 7.00 18.99 1.01 -0.01 0.02 -0.00
124.05 7.00 18.99 1.01 -0.01 0.02 -0.00
124.10 7.00 18.99 1.01 -0.01 0.02 -0.00
124.15 7.00 18.99 1.01 -0.01 0.02 -0.00
124.20 7.00 19.00 1.01 -0.01 0.02 -0.00
124.25 7.00 19.00 1.01 -0.01 0.02 -0.00
124.30 7.00 19.00 1.01 -0.01 0.02 -0.00
124.35 7.00 19.00 1.01 -0.01 0.01 -0.00
124.40 7.00 19.00 1.01 -0.01 0.01 -0.00
124.45 7.00 19.00 1.01 -0.01 0.01 -0.00
124.50 7.00 19.00 1.01 -0.01 0.01 -0.00
124.55 7.00 19.00 1.01 -0.01 0.01 -0.00
124.60 7.00 19.00 1.01 -0.00 0.01 -0.00
124.65 7.00 19.00 1.01 -0.00 0.01 -0.00
124.70 7.00 19.00 1.01 -0.00 0.01 -0.00
124.75 7.00 19.00 1.01 -0.00 0.01 -0.00
124.80 7.00 19.00 1.01 -0.00 0.01 -0.00
124.85 7.00 19.00 1.01 -0.00 0.00 -0.00
124.90 7.00 19.00 1.01 -0.00 0.00 -0.00
124.95 7.00 19.00 1.01 -0.00 0.00 -0.00
125.00 7.00 19.00 1.01 -0.00 0.00 -0.00
125.05 7.00 19.00 1.01 -0.00 0.00 -0.00
125.10 7.00 19.00 1.01 0.00 -0.00 -0.00
125.15 7.00 19.00 1.01 0.00 -0.00 -0.00
125.20 7.00 19.00 1.01 0.00 -0.00 -0.00
125.25 7.00 19.00 1.01 0.00 -0.00 -0.00
125.30 7.00 19.00 1.01 0.00 -0.00 -0.00
125.35 7.00 19.00 1.01 0.00 -0.00 -0.00
125.40 7.00 19.00 1.01 0.00 -0.00 -0.00
125.45 7.00 19.00 1.01 0.00 -0.00 -0.00
125.50 7.00 19.00 1.01 0.00 -0.00 -0.00
125.55 7.00 19.00 1.01 0.00 -0.00 -0.00
125.60 7.00 19.00 1.01 0.00 -0.00 -0.00
125.65 7.00 19.00 1.01 0.00 -0.00 -0.00
125.70 7.00 19.00 1.01 0.00 -0.00 -0.00
125.75 7.00 19.00 1.01 0.00 -0.00 -0.00
125.80 7.00 19.00 1.01 0.00 -0.00 -0.00
125.85 7.00 19.00 1.01 0.00 -0.00 -0.00
125.90 7.00 19.00 1.01 0.00 -0.00 -0.00
125.95 7.00 19.00 1.01 0.00 -0.00 -0.00
126.00 7.00 19.00 1.01 0.00 -0.00 -0.00
126.05 7.00 19.00 1.01 0.00 -0.00 -0.00
126.10 7.00 19.00 1.01 0.00 -0.00 -0.00
126.15 7.00 19.00 1.01 0.00 -0.00 -0.00
126.20 7.00 19.00 1.01 0.00 -0.00 -0.00
126.25 7.00 19.00 1.01 0.00 -0.00 -0.00
126.30 7.00 19.00 1.01 0.00 -0.00 -0.00
126.35 7.00 19.00 1.01 0.00 -0.00 -0.00
126.40 7.00 19.00 1.01 0.00 -0.00 -0.00
126.45 7.00 19.00 1.01 0.00 -0.00 -0.00
126.50 7.00 19.00 1.01 0.00 -0.00 -0.00
126.55 7.00 19.00 1.01 -0.00 -0.00 -0.00
126.60 7.00 19.00 1.01 -0.00 -0.00 -0.00
126.65 7.00 19.00 1.01 -0.00 0.00 -0.00
126.70 7.00 19.00 1.01 -0.00 0.00 -0.00
126.75 7.00 19.00 1.01 -0.00 0.00 -0.00
126.80 7.00 19.00 1.01 -0.00 0.00 -0.00
126.85 7.00 19.00 1.01 -0.00 0.00 -0.00
126.90 7.00 19.00 1.01 -0.00 0.00 -0.00
126.95 7.00 19.00 1.01 -0.00 0.00 -0.00
127.00 7.00 19.00 1.01 -0.00 0.00 -0.00
127.05 7.00 19.00 1.01 -0.00 0.00 -0.00
127.10 7.00 19.00 1.01 -0.00 0.00 -0.00
127.15 7.00 19.00 1.00 -0.00 0.00 -0.00
127.20 7.00 19.00 1.00 -0.00 0.00 -0.00
127.25 7.00 19.00 1.00 -0.00 0.00 -0.00
127.30 7.00 19.00 1.00 -0.00 0.00 -0.00
127.35 7.00 19.00 1.00 -0.00 0.00 -0.00
127.40 7.00 19.00 1.00 -0.00 0.00 -0.00
127.45 7.00 19.00 1.00 -0.00 0.00 -0.00
127.50 7.00 19.00 1.00 -0.00 0.00 -0.00
127.55 7.00 19.00 1.00 -0.00 0.00 -0.00
127.60 7.00 19.00 1.00 -0.00 0.00 -0.00
127.65 7.00 19.00 1.00 -0.00 0.00 -0.00
127.70 7.00 19.00 1.00 -0.00 0.00 -0.00
127.75 7.00 19.00 1.00 -0.00 0.00 -0.00
127.80 7.00 19.00 1.00 -0.00 0.00 -0.00
127.85 7.00 19.00 1.00 -0.00 0.00 -0.00
127.90 7.00 19.00 1.00 -0.00 0.00 -0.00
127.95 7.00 19.00 1.00 -0.00 0.00 -0.00
128.00 7.00 19.00 1.00 -0.00 0.00 -0.00

