39.34	-0.00	0.00	1.00
39.34	4.00	5.00	1.00
39.37 -0.00 0.00 1.00 0.00 -0.00 0.00
39.42 0.00 0.00 1.00 0.04 0.05 -0.01
39.47 0.01 0.01 1.00 0.20 0.21 -0.06
39.52 0.02 0.02 0.99 0.38 0.42 -0.12
39.57 0.04 0.05 0.99 0.56 0.63 -0.16
39.62 0.08 0.09 0.98 0.73 0.84 -0.18
39.67 0.12 0.13 0.97 0.88 1.03 -0.18
39.72 0.17 0.19 0.96 1.02 1.20 -0.17
39.77 0.22 0.25 0.95 1.14 1.36 -0.16
39.82 0.28 0.32 0.94 1.25 1.50 -0.14
39.87 0.34 0.40 0.94 1.35 1.63 -0.12
39.92 0.41 0.49 0.93 1.43 1.74 -0.10
39.97 0.49 0.58 0.93 1.51 1.84 -0.08
40.02 0.56 0.67 0.92 1.58 1.94 -0.06
40.07 0.64 0.77 0.92 1.64 2.02 -0.04
40.12 0.73 0.87 0.92 1.69 2.10 -0.02
40.17 0.81 0.98 0.92 1.74 2.17 -0.01
40.22 0.90 1.09 0.92 1.79 2.23 0.00
40.27 0.99 1.20 0.92 1.83 2.28 0.01
40.32 1.09 1.32 0.92 1.87 2.33 0.02
40.37 1.18 1.44 0.92 1.90 2.38 0.03
40.42 1.28 1.56 0.92 1.93 2.42 0.04
40.47 1.37 1.68 0.93 1.95 2.46 0.04
40.52 1.47 1.80 0.93 1.98 2.49 0.05
40.57 1.57 1.93 0.93 2.00 2.52 0.05
40.62 1.67 2.05 0.93 2.02 2.55 0.06
40.67 1.77 2.18 0.94 2.03 2.57 0.06
40.72 1.87 2.31 0.94 2.05 2.59 0.06
40.77 1.98 2.44 0.94 2.06 2.61 0.06
40.82 2.08 2.57 0.95 2.07 2.62 0.07
40.87 2.18 2.70 0.95 2.08 2.64 0.07
40.92 2.29 2.84 0.95 2.09 2.65 0.07
40.97 2.39 2.97 0.96 2.10 2.66 0.07
41.02 2.50 3.10 0.96 2.10 2.67 0.07
41.07 2.60 3.23 0.96 2.11 2.67 0.07
41.12 2.71 3.37 0.97 2.11 2.68 0.07
41.17 2.81 3.50 0.97 2.11 2.68 0.07
41.22 2.92 3.64 0.97 2.11 2.69 0.07
41.27 3.02 3.77 0.98 2.12 2.69 0.07
41.32 3.13 3.91 0.98 2.12 2.69 0.06
41.37 3.24 4.04 0.98 2.11 2.68 0.06
41.42 3.34 4.17 0.99 2.09 2.66 0.06
41.47 3.45 4.31 0.99 2.05 2.60 0.05
41.52 3.55 4.43 0.99 1.99 2.52 0.04
41.57 3.64 4.56 0.99 1.90 2.42 0.02
41.62 3.74 4.67 0.99 1.80 2.29 -0.00
41.67 3.82 4.79 0.99 1.69 2.15 -0.03
41.72 3.90 4.89 0.99 1.57 1.99 -0.05
41.77 3.98 4.98 0.99 1.44 1.82 -0.07
41.82 4.05 5.07 0.98 1.30 1.65 -0.09
41.87 4.11 5.15 0.98 1.16 1.47 -0.10
41.92 4.16 5.22 0.97 1.01 1.28 -0.11
41.97 4.21 5.28 0.97 0.87 1.10 -0.11
42.02 4.25 5.33 0.96 0.72 0.91 -0.11
42.07 4.28 5.37 0.96 0.58 0.73 -0.10
42.12 4.31 5.40 0.95 0.45 0.56 -0.09
42.17 4.33 5.42 0.95 0.31 0.39 -0.08
42.22 4.34 5.44 0.94 0.19 0.23 -0.06
42.27 4.35 5.45 0.94 0.07 0.08 -0.04
42.32 4.35 5.45 0.94 -0.04 -0.06 -0.02
42.37 4.34 5.44 0.94 -0.14 -0.18 0.00
42.42 4.33 5.43 0.94 -0.23 -0.29 0.02
42.47 4.32 5.41 0.94 -0.30 -0.39 0.04
42.52 4.30 5.39 0.94 -0.37 -0.48 0.06
42.57 4.28 5.37 0.95 -0.43 -0.55 0.07
42.62 4.26 5.34 0.95 -0.48 -0.61 0.08
42.67 4.24 5.30 0.96 -0.51 -0.66 0.09
42.72 4.21 5.27 0.96 -0.54 -0.69 0.10
42.77 4.18 5.24 0.97 -0.56 -0.72 0.10
42.82 4.15 5.20 0.97 -0.57 -0.73 0.10
42.87 4.12 5.16 0.98 -0.58 -0.74 0.10
42.92 4.10 5.13 0.98 -0.57 -0.73 0.10
42.97 4.07 5.09 0.99 -0.56 -0.72 0.09
43.02 4.04 5.05 0.99 -0.55 -0.70 0.09
43.07 4.01 5.02 0.99 -0.53 -0.67 0.08
43.12 3.99 4.99 1.00 -0.50 -0.64 0.07
43.17 3.96 4.96 1.00 -0.47 -0.60 0.06
43.22 3.94 4.93 1.00 -0.44 -0.56 0.05
43.27 3.92 4.90 1.01 -0.41 -0.52 0.04
43.32 3.90 4.87 1.01 -0.37 -0.47 0.03
43.37 3.88 4.85 1.01 -0.33 -0.42 0.03
43.42 3.87 4.83 1.01 -0.29 -0.37 0.02
43.47 3.85 4.81 1.01 -0.25 -0.32 0.01
43.52 3.84 4.80 1.01 -0.21 -0.27 0.01
43.57 3.83 4.79 1.01 -0.17 -0.22 0.00
43.62 3.82 4.78 1.01 -0.14 -0.17 0.00
43.67 3.82 4.77 1.01 -0.10 -0.12 -0.00
43.72 3.81 4.77 1.01 -0.06 -0.08 -0.00
43.77 3.81 4.76 1.01 -0.03 -0.03 -0.00
43.82 3.81 4.76 1.01 0.00 0.01 -0.00
43.87 3.81 4.76 1.01 0.03 0.04 -0.00
43.92 3.81 4.77 1.01 0.06 0.08 -0.00
43.97 3.82 4.77 1.01 0.09 0.11 -0.00
44.02 3.82 4.78 1.01 0.11 0.14 -0.00
44.07 3.83 4.78 1.01 0.13 0.16 -0.00
44.12 3.84 4.79 1.01 0.15 0.19 0.00
44.17 3.84 4.80 1.01 0.16 0.20 0.00
44.22 3.85 4.81 1.01 0.17 0.22 0.00
44.27 3.86 4.83 1.01 0.18 0.23 0.00
44.32 3.87 4.84 1.01 0.19 0.24 0.00
44.37 3.88 4.85 1.01 0.19 0.24 0.00
44.42 3.89 4.86 1.01 0.19 0.25 0.00
44.47 3.90 4.87 1.01 0.19 0.25 0.00
44.52 3.91 4.89 1.01 0.19 0.24 0.00
44.57 3.92 4.90 1.01 0.19 0.24 0.00
44.62 3.93 4.91 1.01 0.18 0.23 0.00
44.67 3.94 4.92 1.01 0.18 0.22 0.00
44.72 3.94 4.93 1.01 0.17 0.21 0.00
44.77 3.95 4.94 1.01 0.16 0.20 0.00
44.82 3.96 4.95 1.01 0.15 0.19 0.00
44.87 3.97 4.96 1.01 0.14 0.18 -0.00
44.92 3.97 4.97 1.01 0.13 0.16 -0.00
44.97 3.98 4.98 1.01 0.12 0.15 -0.00
45.02 3.99 4.98 1.01 0.11 0.13 -0.00
45.07 3.99 4.99 1.01 0.09 0.12 -0.00
45.12 4.00 5.00 1.01 0.08 0.10 -0.00
45.17 4.00 5.00 1.01 0.07 0.09 -0.00
45.22 4.00 5.01 1.01 0.06 0.07 -0.00
45.27 4.01 5.01 1.01 0.05 0.06 -0.00
45.32 4.01 5.01 1.01 0.04 0.05 -0.00
45.37 4.01 5.01 1.01 0.03 0.03 -0.00
45.42 4.01 5.01 1.01 0.02 0.02 -0.00
45.47 4.01 5.02 1.01 0.01 0.01 -0.00
45.52 4.01 5.02 1.01 0.00 -0.00 -0.00
45.57 4.01 5.02 1.01 -0.01 -0.01 -0.00
45.62 4.01 5.01 1.01 -0.01 -0.02 -0.00
45.67 4.01 5.01 1.01 -0.02 -0.03 -0.00
45.72 4.01 5.01 1.01 -0.02 -0.03 -0.00
45.77 4.01 5.01 1.01 -0.03 -0.04 -0.00
45.82 4.01 5.01 1.01 -0.03 -0.04 -0.00
45.87 4.00 5.01 1.01 -0.03 -0.05 -0.00
45.92 4.00 5.00 1.01 -0.04 -0.05 -0.00
45.97 4.00 5.00 1.01 -0.04 -0.05 -0.00
46.02 4.00 5.00 1.01 -0.04 -0.05 -0.00
46.07 4.00 5.00 1.01 -0.04 -0.05 -0.00
46.12 3.99 4.99 1.01 -0.04 -0.05 -0.00
46.17 3.99 4.99 1.01 -0.04 -0.05 -0.00
46.22 3.99 4.99 1.01 -0.04 -0.05 -0.00
46.27 3.99 4.99 1.01 -0.04 -0.05 -0.00
46.32 3.99 4.98 1.01 -0.03 -0.04 -0.00
46.37 3.99 4.98 1.01 -0.03 -0.04 -0.00
46.42 3.98 4.98 1.01 -0.03 -0.04 -0.00
46.47 3.98 4.98 1.01 -0.03 -0.03 -0.00
46.52 3.98 4.98 1.01 -0.02 -0.03 -0.00
46.57 3.98 4.98 1.01 -0.02 -0.03 -0.00
46.62 3.98 4.97 1.01 -0.02 -0.02 -0.00
46.67 3.98 4.97 1.01 -0.01 -0.02 -0.00
46.72 3.98 4.97 1.01 -0.01 -0.01 -0.00
46.77 3.98 4.97 1.01 -0.01 -0.01 -0.00
46.82 3.98 4.97 1.01 -0.01 -0.01 -0.00
46.87 3.98 4.97 1.01 -0.00 -0.00 -0.00
46.92 3.98 4.97 1.01 -0.00 -0.00 -0.00
46.97 3.98 4.97 1.01 0.00 0.00 -0.00
47.02 3.98 4.97 1.01 0.00 0.01 -0.00
47.07 3.98 4.97 1.01 0.01 0.01 -0.00
47.12 3.98 4.97 1.01 0.01 0.01 -0.00
47.17 3.98 4.97 1.01 0.01 0.01 -0.00
47.22 3.98 4.97 1.01 0.01 0.02 -0.00
47.27 3.98 4.97 1.01 0.01 0.02 -0.00
47.32 3.98 4.98 1.01 0.02 0.02 -0.00
47.37 3.98 4.98 1.01 0.02 0.02 -0.00
47.42 3.98 4.98 1.01 0.02 0.02 -0.00
47.47 3.98 4.98 1.01 0.02 0.02 -0.00
47.52 3.98 4.98 1.01 0.02 0.02 -0.00
47.57 3.98 4.98 1.01 0.02 0.02 -0.00
47.62 3.99 4.98 1.01 0.02 0.02 -0.00
47.67 3.99 4.98 1.01 0.02 0.02 -0.00
47.72 3.99 4.98 1.01 0.02 0.02 -0.00
47.77 3.99 4.99 1.01 0.02 0.02 -0.00
47.82 3.99 4.99 1.01 0.02 0.02 -0.00
47.87 3.99 4.99 1.01 0.02 0.02 -0.00
47.92 3.99 4.99 1.01 0.02 0.02 -0.00
47.97 3.99 4.99 1.01 0.01 0.02 -0.00
48.02 3.99 4.99 1.01 0.01 0.02 -0.00
48.07 3.99 4.99 1.01 0.01 0.02 -0.00
48.12 3.99 4.99 1.01 0.01 0.02 -0.00
48.17 3.99 4.99 1.01 0.01 0.01 -0.00
48.22 3.99 4.99 1.01 0.01 0.01 -0.00
48.27 3.99 4.99 1.01 0.01 0.01 -0.00
48.32 4.00 4.99 1.01 0.01 0.01 -0.00
48.37 4.00 4.99 1.01 0.01 0.01 -0.00
48.42 4.00 5.00 1.01 0.01 0.01 -0.00
48.47 4.00 5.00 1.01 0.01 0.01 -0.00
48.52 4.00 5.00 1.01 0.00 0.01 -0.00
48.57 4.00 5.00 1.01 0.00 0.00 -0.00
48.62 4.00 5.00 1.01 0.00 0.00 -0.00
48.67 4.00 5.00 1.01 0.00 0.00 -0.00
48.72 4.00 5.00 1.01 0.00 0.00 -0.00
48.77 4.00 5.00 1.01 0.00 0.00 -0.00
48.82 4.00 5.00 1.01 0.00 0.00 -0.00
48.87 4.00 5.00 1.01 0.00 -0.00 -0.00
48.92 4.00 5.00 1.01 -0.00 -0.00 -0.00
48.97 4.00 5.00 1.01 -0.00 -0.00 -0.00
49.02 4.00 5.00 1.01 -0.00 -0.00 -0.00
49.07 4.00 5.00 1.01 -0.00 -0.00 -0.00
49.12 4.00 5.00 1.01 -0.00 -0.00 -0.00
49.17 4.00 5.00 1.01 -0.00 -0.00 -0.00
49.22 4.00 5.00 1.01 -0.00 -0.00 -0.00
49.27 4.00 5.00 1.01 -0.00 -0.00 -0.00
49.32 4.00 5.00 1.01 -0.00 -0.00 -0.00
49.37 4.00 5.00 1.01 -0.00 -0.00 -0.00
49.42 4.00 5.00 1.01 -0.00 -0.00 -0.00
49.47 4.00 5.00 1.01 -0.00 -0.00 -0.00
49.52 4.00 5.00 1.01 -0.00 -0.00 -0.00
49.57 4.00 5.00 1.01 -0.00 -0.00 -0.00
49.62 4.00 5.00 1.01 -0.00 -0.00 -0.00
49.67 4.00 5.00 1.01 -0.00 -0.00 -0.00
49.72 4.00 5.00 1.01 -0.00 -0.00 -0.00
49.77 4.00 5.00 1.01 -0.00 -0.00 -0.00
49.82 4.00 5.00 1.01 -0.00 -0.00 -0.00
49.87 4.00 5.00 1.01 -0.00 -0.00 -0.00
49.92 4.00 5.00 1.01 0.00 0.00 -0.00
49.97 4.00 5.00 1.01 0.00 0.00 -0.00
50.02 4.00 5.00 1.01 0.00 0.00 -0.00
50.07 4.00 5.00 1.01 0.00 0.00 -0.00
50.12 4.00 5.00 1.00 0.00 0.00 -0.00
50.17 4.00 5.00 1.00 0.00 0.00 -0.00
50.22 4.00 5.00 1.00 0.00 0.00 -0.00
50.27 4.00 5.00 1.00 0.00 0.00 -0.00
50.32 4.00 5.00 1.00 0.00 0.00 -0.00
50.37 4.00 5.00 1.00 0.00 0.00 -0.00
50.42 4.00 5.00 1.00 0.00 0.00 -0.00
50.47 4.00 5.00 1.00 0.00 0.00 -0.00
50.52 4.00 5.00 1.00 0.00 0.00 -0.00
50.57 4.00 5.00 1.00 0.00 0.00 -0.00
50.62 4.00 5.00 1.00 0.00 0.00 -0.00
50.67 4.00 5.00 1.00 0.00 0.00 -0.00
50.72 4.00 5.00 1.00 0.00 0.00 -0.00
50.77 4.00 5.00 1.00 0.00 0.00 -0.00
50.82 4.00 5.00 1.00 0.00 0.00 -0.00
50.87 4.00 5.00 1.00 0.00 0.00 -0.00
50.92 4.00 5.00 1.00 0.00 0.00 -0.00
50.97 4.00 5.00 1.00 0.00 0.00 -0.00
51.02 4.00 5.00 1.00 0.00 0.00 -0.00
51.07 4.00 5.00 1.00 0.00 0.00 -0.00
51.12 4.00 5.00 1.00 0.00 0.00 -0.00
51.17 4.00 5.00 1.00 0.00 0.00 -0.00
51.22 4.00 5.00 1.00 0.00 0.00 -0.00
51.27 4.00 5.00 1.00 0.00 0.00 -0.00
51.32 4.00 5.00 1.00 0.00 0.00 -0.00
51.37 4.00 5.00 1.00 0.00 0.00 -0.00
51.42 4.00 5.00 1.00 0.00 0.00 -0.00
51.47 4.00 5.00 1.00 0.00 0.00 -0.00
51.52 4.00 5.00 1.00 0.00 0.00 -0.00
51.57 4.00 5.00 1.00 0.00 0.00 -0.00
51.62 4.00 5.00 1.00 0.00 0.00 -0.00
51.67 4.00 5.00 1.00 0.00 0.00 -0.00
51.72 4.00 5.00 1.00 0.00 0.00 -0.00
51.77 4.00 5.00 1.00 0.00 0.00 -0.00
51.82 4.00 5.00 1.00 0.00 0.00 -0.00
51.87 4.00 5.00 1.00 0.00 0.00 -0.00
51.92 4.00 5.00 1.00 0.00 0.00 -0.00
51.97 4.00 5.00 1.00 0.00 0.00 -0.00

51.99	4.00	5.00	1.00
51.99	4.00	9.00	1.00
52.04 4.00 5.00 1.00 0.00 0.00 -0.00
52.09 4.00 5.00 1.00 0.00 0.11 -0.01
52.14 4.00 5.01 1.00 0.00 0.32 -0.05
52.19 4.00 5.03 1.00 -0.00 0.55 -0.09
52.24 4.00 5.07 0.99 -0.00 0.79 -0.12
52.29 4.00 5.11 0.99 -0.00 1.03 -0.14
52.34 4.00 5.17 0.98 -0.00 1.26 -0.14
52.39 4.00 5.24 0.97 -0.00 1.47 -0.14
52.44 4.00 5.32 0.96 -0.00 1.67 -0.13
52.49 4.00 5.41 0.96 -0.00 1.85 -0.12
52.54 4.00 5.50 0.95 -0.00 2.01 -0.10
52.59 4.00 5.61 0.95 -0.00 2.17 -0.08
52.64 4.00 5.72 0.95 -0.00 2.31 -0.06
52.69 4.00 5.84 0.94 -0.00 2.43 -0.05
52.74 4.00 5.96 0.94 -0.00 2.55 -0.03
52.79 4.00 6.09 0.94 -0.00 2.65 -0.01
52.84 4.00 6.23 0.94 -0.00 2.74 0.00
52.89 4.00 6.37 0.94 -0.00 2.83 0.02
52.94 4.00 6.51 0.94 -0.00 2.91 0.03
52.99 4.00 6.66 0.94 -0.00 2.97 0.04
53.04 4.00 6.81 0.95 -0.00 3.04 0.05
53.09 4.00 6.96 0.95 -0.00 3.09 0.06
53.14 4.00 7.12 0.95 -0.00 3.14 0.07
53.19 4.00 7.27 0.95 -0.00 3.19 0.07
53.24 4.00 7.43 0.96 0.00 3.23 0.08
53.29 4.00 7.60 0.96 0.00 3.27 0.08
53.34 4.00 7.76 0.97 0.00 3.29 0.09
53.39 4.00 7.93 0.97 0.00 3.29 0.09
53.44 4.00 8.09 0.98 0.00 3.25 0.08
53.49 4.00 8.25 0.98 0.00 3.17 0.08
53.54 4.00 8.41 0.98 0.00 3.06 0.06
53.59 4.00 8.56 0.99 0.00 2.93 0.04
53.64 4.00 8.70 0.99 0.00 2.77 0.02
53.69 4.00 8.83 0.99 0.00 2.59 -0.00
53.74 4.00 8.96 0.99 0.00 2.39 -0.03
53.79 4.00 9.07 0.98 0.00 2.19 -0.05
53.84 4.00 9.18 0.98 0.00 1.97 -0.07
53.89 4.00 9.27 0.98 0.00 1.75 -0.08
53.94 4.00 9.35 0.97 0.00 1.53 -0.09
53.99 4.00 9.42 0.97 0.00 1.30 -0.09
54.04 4.00 9.48 0.97 0.00 1.08 -0.09
54.09 4.00 9.53 0.96 0.00 0.86 -0.08
54.14 4.00 9.57 0.96 0.00 0.64 -0.08
54.19 4.00 9.59 0.95 0.00 0.44 -0.06
54.24 4.00 9.61 0.95 0.00 0.25 -0.05
54.29 4.00 9.62 0.95 0.00 0.06 -0.03
54.34 4.00 9.62 0.95 0.00 -0.10 -0.01
54.39 4.00 9.61 0.95 0.00 -0.26 0.00
54.44 4.00 9.59 0.95 0.00 -0.39 0.02
54.49 4.00 9.57 0.95 0.00 -0.51 0.04
54.54 4.00 9.54 0.95 0.00 -0.62 0.05
54.59 4.00 9.51 0.96 0.00 -0.70 0.07
54.64 4.00 9.47 0.96 0.00 -0.78 0.08
54.69 4.00 9.43 0.96 0.00 -0.83 0.09
54.74 4.00 9.39 0.97 0.00 -0.88 0.09
54.79 4.00 9.34 0.97 0.00 -0.91 0.10
54.84 4.00 9.30 0.98 0.00 -0.92 0.10
54.89 4.00 9.25 0.98 0.00 -0.93 0.09
54.94 4.00 9.20 0.99 0.00 -0.92 0.09
54.99 4.00 9.16 0.99 0.00 -0.91 0.09
55.04 4.00 9.11 0.99 0.00 -0.88 0.08
55.09 4.00 9.07 1.00 -0.00 -0.85 0.07
55.14 4.00 9.03 1.00 -0.00 -0.81 0.06
55.19 4.00 8.99 1.00 -0.00 -0.76 0.05
55.24 4.00 8.95 1.01 -0.00 -0.71 0.05
55.29 4.00 8.92 1.01 -0.00 -0.66 0.04
55.34 4.00 8.89 1.01 -0.00 -0.60 0.03
55.39 4.00 8.86 1.01 -0.00 -0.54 0.02
55.44 4.00 8.83 1.01 -0.00 -0.48 0.02
55.49 4.00 8.81 1.01 -0.00 -0.41 0.01
55.54 4.00 8.79 1.01 -0.00 -0.35 0.01
55.59 4.00 8.78 1.01 -0.00 -0.29 0.00
55.64 4.00 8.76 1.01 -0.00 -0.23 -0.00
55.69 4.00 8.75 1.01 -0.00 -0.17 -0.00
55.74 4.00 8.75 1.01 -0.00 -0.11 -0.00
55.79 4.00 8.74 1.01 -0.00 -0.06 -0.00
55.84 4.00 8.74 1.01 -0.00 -0.01 -0.00
55.89 4.00 8.74 1.01 -0.00 0.04 -0.00
55.94 4.00 8.74 1.01 -0.00 0.08 -0.00
55.99 4.00 8.75 1.01 -0.00 0.12 -0.00
56.04 4.00 8.76 1.01 -0.00 0.16 -0.00
56.09 4.00 8.76 1.01 -0.00 0.19 -0.00
56.14 4.00 8.77 1.01 -0.00 0.22 0.00
56.19 4.00 8.79 1.01 0.00 0.24 0.00
56.24 4.00 8.80 1.01 0.00 0.26 0.00
56.29 4.00 8.81 1.01 0.00 0.27 0.00
56.34 4.00 8.83 1.01 0.00 0.28 0.00
56.39 4.00 8.84 1.01 0.00 0.29 0.00
56.44 4.00 8.85 1.01 0.00 0.29 0.00
56.49 4.00 8.87 1.01 0.00 0.29 0.00
56.54 4.00 8.88 1.01 0.00 0.29 0.00
56.59 4.00 8.90 1.01 0.00 0.28 0.00
56.64 4.00 8.91 1.01 0.00 0.27 0.00
56.69 4.00 8.92 1.01 0.00 0.26 0.00
56.74 4.00 8.94 1.01 0.00 0.25 0.00
56.79 4.00 8.95 1.01 0.00 0.24 0.00
56.84 4.00 8.96 1.01 0.00 0.22 0.00
56.89 4.00 8.97 1.01 0.00 0.21 -0.00
56.94 4.00 8.98 1.01 0.00 0.19 -0.00
56.99 4.00 8.99 1.01 0.00 0.17 -0.00
57.04 4.00 9.00 1.01 0.00 0.15 -0.00
57.09 4.00 9.01 1.01 0.00 0.14 -0.00
57.14 4.00 9.01 1.01 0.00 0.12 -0.00
57.19 4.00 9.02 1.01 0.00 0.10 -0.00
57.24 4.00 9.02 1.01 0.00 0.08 -0.00
57.29 4.00 9.03 1.01 0.00 0.06 -0.00
57.34 4.00 9.03 1.01 0.00 0.05 -0.00
57.39 4.00 9.03 1.01 0.00 0.03 -0.00
57.44 4.00 9.03 1.01 0.00 0.02 -0.00
57.49 4.00 9.03 1.01 0.00 0.01 -0.00
57.54 4.00 9.03 1.01 0.00 -0.01 -0.00
57.59 4.00 9.03 1.01 0.00 -0.02 -0.00
57.64 4.00 9.03 1.01 0.00 -0.03 -0.00
57.69 4.00 9.03 1.01 0.00 -0.04 -0.00
57.74 4.00 9.03 1.01 0.00 -0.04 -0.00
57.79 4.00 9.03 1.01 0.00 -0.05 -0.00
57.84 4.00 9.02 1.01 0.00 -0.06 -0.00
57.89 4.00 9.02 1.01 0.00 -0.06 -0.00
57.94 4.00 9.02 1.01 0.00 -0.06 -0.00
57.99 4.00 9.01 1.01 0.00 -0.07 -0.00
58.04 4.00 9.01 1.01 0.00 -0.07 -0.00
58.09 4.00 9.01 1.01 0.00 -0.07 -0.00
58.14 4.00 9.00 1.01 0.00 -0.07 -0.00
58.19 4.00 9.00 1.01 0.00 -0.07 -0.00
58.24 4.00 9.00 1.01 0.00 -0.06 -0.00
58.29 4.00 8.99 1.01 0.00 -0.06 -0.00
58.34 4.00 8.99 1.01 0.00 -0.06 -0.00
58.39 4.00 8.99 1.01 0.00 -0.05 -0.00
58.44 4.00 8.99 1.01 0.00 -0.05 -0.00
58.49 4.00 8.98 1.01 0.00 -0.05 -0.00
58.54 4.00 8.98 1.01 0.00 -0.04 -0.00
58.59 4.00 8.98 1.01 0.00 -0.04 -0.00
58.64 4.00 8.98 1.01 0.00 -0.03 -0.00
58.69 4.00 8.98 1.01 0.00 -0.03 -0.00
58.74 4.00 8.97 1.01 0.00 -0.02 -0.00
58.79 4.00 8.97 1.01 0.00 -0.02 -0.00
58.84 4.00 8.97 1.01 0.00 -0.01 -0.00
58.89 4.00 8.97 1.01 0.00 -0.01 -0.00
58.94 4.00 8.97 1.01 0.00 -0.00 -0.00
58.99 4.00 8.97 1.01 0.00 0.00 -0.00
59.04 4.00 8.97 1.01 0.00 0.00 -0.00
59.09 4.00 8.97 1.01 0.00 0.01 -0.00
59.14 4.00 8.97 1.01 0.00 0.01 -0.00
59.19 4.00 8.97 1.01 0.00 0.01 -0.00
59.24 4.00 8.97 1.01 0.00 0.02 -0.00
59.29 4.00 8.97 1.01 0.00 0.02 -0.00
59.34 4.00 8.98 1.01 0.00 0.02 -0.00
59.39 4.00 8.98 1.01 0.00 0.02 -0.00
59.44 4.00 8.98 1.01 0.00 0.02 -0.00
59.49 4.00 8.98 1.01 0.00 0.02 -0.00
59.54 4.00 8.98 1.01 0.00 0.02 -0.00
59.59 4.00 8.98 1.01 0.00 0.03 -0.00
59.64 4.00 8.98 1.01 0.00 0.03 -0.00
59.69 4.00 8.98 1.01 0.00 0.03 -0.00
59.74 4.00 8.99 1.01 0.00 0.02 -0.00
59.79 4.00 8.99 1.01 0.00 0.02 -0.00
59.84 4.00 8.99 1.01 0.00 0.02 -0.00
59.89 4.00 8.99 1.01 0.00 0.02 -0.00
59.94 4.00 8.99 1.01 0.00 0.02 -0.00
59.99 4.00 8.99 1.01 0.00 0.02 -0.00
60.04 4.00 8.99 1.01 0.00 0.02 -0.00
60.09 4.00 8.99 1.01 0.00 0.02 -0.00
60.14 4.00 8.99 1.01 0.00 0.02 -0.00
60.19 4.00 8.99 1.01 0.00 0.02 -0.00
60.24 4.00 9.00 1.01 0.00 0.01 -0.00
60.29 4.00 9.00 1.01 0.00 0.01 -0.00
60.34 4.00 9.00 1.01 0.00 0.01 -0.00
60.39 4.00 9.00 1.01 0.00 0.01 -0.00
60.44 4.00 9.00 1.01 0.00 0.01 -0.00
60.49 4.00 9.00 1.01 0.00 0.01 -0.00
60.54 4.00 9.00 1.01 0.00 0.01 -0.00
60.59 4.00 9.00 1.01 0.00 0.00 -0.00
60.64 4.00 9.00 1.01 0.00 0.00 -0.00
60.69 4.00 9.00 1.01 0.00 0.00 -0.00
60.74 4.00 9.00 1.01 0.00 0.00 -0.00
60.79 4.00 9.00 1.01 0.00 0.00 -0.00
60.84 4.00 9.00 1.01 0.00 -0.00 -0.00
60.89 4.00 9.00 1.01 0.00 -0.00 -0.00
60.94 4.00 9.00 1.01 0.00 -0.00 -0.00
60.99 4.00 9.00 1.01 0.00 -0.00 -0.00
61.04 4.00 9.00 1.01 0.00 -0.00 -0.00
61.09 4.00 9.00 1.01 0.00 -0.00 -0.00
61.14 4.00 9.00 1.01 0.00 -0.00 -0.00
61.19 4.00 9.00 1.01 0.00 -0.00 -0.00
61.24 4.00 9.00 1.01 0.00 -0.00 -0.00
61.29 4.00 9.00 1.01 0.00 -0.00 -0.00
61.34 4.00 9.00 1.01 0.00 -0.00 -0.00
61.39 4.00 9.00 1.01 0.00 -0.00 -0.00
61.44 4.00 9.00 1.01 0.00 -0.00 -0.00
61.49 4.00 9.00 1.01 0.00 -0.00 -0.00
61.54 4.00 9.00 1.01 0.00 -0.00 -0.00
61.59 4.00 9.00 1.01 0.00 -0.00 -0.00
61.64 4.00 9.00 1.01 0.00 -0.00 -0.00
61.69 4.00 9.00 1.01 0.00 -0.00 -0.00
61.74 4.00 9.00 1.01 0.00 -0.00 -0.00
61.79 4.00 9.00 1.01 0.00 -0.00 -0.00
61.84 4.00 9.00 1.01 0.00 -0.00 -0.00
61.89 4.00 9.00 1.01 0.00 -0.00 -0.00
61.94 4.00 9.00 1.01 0.00 -0.00 -0.00
61.99 4.00 9.00 1.01 0.00 -0.00 -0.00
62.04 4.00 9.00 1.01 0.00 0.00 -0.00
62.09 4.00 9.00 1.01 0.00 0.00 -0.00
62.14 4.00 9.00 1.01 0.00 0.00 -0.00
62.19 4.00 9.00 1.01 0.00 0.00 -0.00
62.24 4.00 9.00 1.01 0.00 0.00 -0.00
62.29 4.00 9.00 1.01 0.00 0.00 -0.00
62.34 4.00 9.00 1.01 0.00 0.00 -0.00
62.39 4.00 9.00 1.01 0.00 0.00 -0.00
62.44 4.00 9.00 1.01 0.00 0.00 -0.00
62.49 4.00 9.00 1.01 0.00 0.00 -0.00
62.54 4.00 9.00 1.00 0.00 0.00 -0.00
62.59 4.00 9.00 1.00 0.00 0.00 -0.00
62.64 4.00 9.00 1.00 0.00 0.00 -0.00
62.69 4.00 9.00 1.00 0.00 0.00 -0.00
62.74 4.00 9.00 1.00 0.00 0.00 -0.00
62.79 4.00 9.00 1.00 0.00 0.00 -0.00
62.84 4.00 9.00 1.00 0.00 0.00 -0.00
62.89 4.00 9.00 1.00 0.00 0.00 -0.00
62.94 4.00 9.00 1.00 0.00 0.00 -0.00
62.99 4.00 9.00 1.00 0.00 0.00 -0.00
63.04 4.00 9.00 1.00 0.00 0.00 -0.00
63.09 4.00 9.00 1.00 0.00 0.00 -0.00
63.14 4.00 9.00 1.00 0.00 0.00 -0.00
63.19 4.00 9.00 1.00 0.00 0.00 -0.00
63.24 4.00 9.00 1.00 0.00 0.00 -0.00
63.29 4.00 9.00 1.00 0.00 0.00 -0.00
63.34 4.00 9.00 1.00 0.00 0.00 -0.00
63.39 4.00 9.00 1.00 0.00 0.00 -0.00
63.44 4.00 9.00 1.00 0.00 0.00 -0.00
63.49 4.00 9.00 1.00 0.00 0.00 -0.00
63.54 4.00 9.00 1.00 0.00 0.00 -0.00
63.59 4.00 9.00 1.00 0.00 0.00 -0.00
63.64 4.00 9.00 1.00 0.00 0.00 -0.00
63.69 4.00 9.00 1.00 0.00 0.00 -0.00
63.74 4.00 9.00 1.00 0.00 0.00 -0.00
63.79 4.00 9.00 1.00 0.00 0.00 -0.00
63.84 4.00 9.00 1.00 0.00 0.00 -0.00

63.93	4.00	9.00	1.00
63.93	8.00	9.00	1.00
63.94 4.00 9.00 1.00 0.00 0.00 -0.00
63.99 4.00 9.00 1.00 0.01 0.00 -0.00
64.04 4.00 9.00 1.00 0.14 0.00 -0.02
64.09 4.02 9.00 1.00 0.36 0.00 -0.06
64.14 4.04 9.00 1.00 0.60 -0.00 -0.10
64.19 4.08 9.00 0.99 0.84 -0.00 -0.13
64.24 4.12 9.00 0.98 1.08 -0.00 -0.14
64.29 4.18 9.00 0.98 1.30 -0.00 -0.14
64.34 4.25 9.00 0.97 1.51 -0.00 -0.14
64.39 4.34 9.00 0.96 1.70 -0.00 -0.13
64.44 4.43 9.00 0.96 1.88 -0.00 -0.11
64.49 4.52 9.00 0.95 2.05 -0.00 -0.10
64.54 4.63 9.00 0.95 2.20 -0.00 -0.08
64.59 4.74 9.00 0.94 2.33 -0.00 -0.06
64.64 4.86 9.00 0.94 2.46 -0.00 -0.04
64.69 4.99 9.00 0.94 2.57 -0.00 -0.02
64.74 5.12 9.00 0.94 2.67 -0.00 -0.01
64.79 5.26 9.00 0.94 2.76 -0.00 0.01
64.84 5.40 9.00 0.94 2.85 -0.00 0.02
64.89 5.54 9.00 0.94 2.92 -0.00 0.03
64.94 5.69 9.00 0.94 2.99 -0.00 0.04
64.99 5.84 9.00 0.95 3.05 -0.00 0.05
65.04 5.99 9.00 0.95 3.11 -0.00 0.06
65.09 6.15 9.00 0.95 3.16 -0.00 0.07
65.14 6.31 9.00 0.96 3.20 -0.00 0.08
65.19 6.47 9.00 0.96 3.24 0.00 0.08
65.24 6.63 9.00 0.96 3.27 0.00 0.09
65.29 6.80 9.00 0.97 3.30 0.00 0.09
65.34 6.96 9.00 0.97 3.29 0.00 0.09
65.39 7.12 9.00 0.98 3.24 0.00 0.08
65.44 7.28 9.00 0.98 3.15 0.00 0.07
65.49 7.44 9.00 0.98 3.04 0.00 0.06
65.54 7.59 9.00 0.99 2.89 0.00 0.04
65.59 7.73 9.00 0.99 2.73 0.00 0.01
65.64 7.86 9.00 0.99 2.55 0.00 -0.01
65.69 7.98 9.00 0.99 2.35 0.00 -0.03
65.74 8.10 9.00 0.98 2.14 0.00 -0.05
65.79 8.20 9.00 0.98 1.93 0.00 -0.07
65.84 8.29 9.00 0.98 1.70 0.00 -0.08
65.89 8.37 9.00 0.97 1.48 0.00 -0.09
65.94 8.44 9.00 0.97 1.25 0.00 -0.09
65.99 8.49 9.00 0.96 1.03 0.00 -0.09
66.04 8.54 9.00 0.96 0.81 0.00 -0.08
66.09 8.57 9.00 0.96 0.60 0.00 -0.07
66.14 8.60 9.00 0.95 0.40 0.00 -0.06
66.19 8.61 9.00 0.95 0.21 0.00 -0.04
66.24 8.62 9.00 0.95 0.03 0.00 -0.03
66.29 8.62 9.00 0.95 -0.14 0.00 -0.01
66.34 8.60 9.00 0.95 -0.29 0.00 0.01
66.39 8.59 9.00 0.95 -0.42 0.00 0.03
66.44 8.56 9.00 0.95 -0.54 0.00 0.04
66.49 8.53 9.00 0.95 -0.64 0.00 0.06
66.54 8.50 9.00 0.96 -0.72 0.00 0.07
66.59 8.46 9.00 0.96 -0.79 0.00 0.08
66.64 8.42 9.00 0.96 -0.85 0.00 0.09
66.69 8.38 9.00 0.97 -0.88 0.00 0.09
66.74 8.33 9.00 0.97 -0.91 0.00 0.10
66.79 8.29 9.00 0.98 -0.93 0.00 0.10
66.84 8.24 9.00 0.98 -0.93 0.00 0.09
66.89 8.19 9.00 0.99 -0.92 0.00 0.09
66.94 8.15 9.00 0.99 -0.90 0.00 0.08
66.99 8.10 9.00 1.00 -0.87 0.00 0.08
67.04 8.06 9.00 1.00 -0.84 0.00 0.07
67.09 8.02 9.00 1.00 -0.80 -0.00 0.06
67.14 7.98 9.00 1.01 -0.75 -0.00 0.05
67.19 7.94 9.00 1.01 -0.70 -0.00 0.04
67.24 7.91 9.00 1.01 -0.65 -0.00 0.04
67.29 7.88 9.00 1.01 -0.59 -0.00 0.03
67.34 7.85 9.00 1.01 -0.53 -0.00 0.02
67.39 7.83 9.00 1.01 -0.46 -0.00 0.01
67.44 7.81 9.00 1.01 -0.40 -0.00 0.01
67.49 7.79 9.00 1.01 -0.34 -0.00 0.01
67.54 7.77 9.00 1.01 -0.28 -0.00 0.00
67.59 7.76 9.00 1.01 -0.22 -0.00 -0.00
67.64 7.75 9.00 1.01 -0.16 -0.00 -0.00
67.69 7.74 9.00 1.01 -0.10 -0.00 -0.00
67.74 7.74 9.00 1.01 -0.05 -0.00 -0.00
67.79 7.74 9.00 1.01 0.00 -0.00 -0.00
67.84 7.74 9.00 1.01 0.05 -0.00 -0.00
67.89 7.74 9.00 1.01 0.09 -0.00 -0.00
67.94 7.75 9.00 1.01 0.13 -0.00 -0.00
67.99 7.76 9.00 1.01 0.16 -0.00 -0.00
68.04 7.77 9.00 1.01 0.19 -0.00 -0.00
68.09 7.78 9.00 1.01 0.22 -0.00 0.00
68.14 7.79 9.00 1.01 0.24 -0.00 0.00
68.19 7.80 9.00 1.01 0.26 0.00 0.00
68.24 7.81 9.00 1.01 0.27 0.00 0.00
68.29 7.83 9.00 1.01 0.28 0.00 0.00
68.34 7.84 9.00 1.01 0.29 0.00 0.00
68.39 7.86 9.00 1.01 0.29 0.00 0.00
68.44 7.87 9.00 1.01 0.29 0.00 0.00
68.49 7.89 9.00 1.01 0.29 0.00 0.00
68.54 7.90 9.00 1.01 0.28 0.00 0.00
68.59 7.91 9.00 1.01 0.27 0.00 0.00
68.64 7.93 9.00 1.01 0.26 0.00 0.00
68.69 7.94 9.00 1.01 0.25 0.00 0.00
68.74 7.95 9.00 1.01 0.24 0.00 0.00
68.79 7.96 9.00 1.01 0.22 0.00 -0.00
68.84 7.97 9.00 1.01 0.20 0.00 -0.00
68.89 7.98 9.00 1.01 0.19 0.00 -0.00
68.94 7.99 9.00 1.01 0.17 0.00 -0.00
68.99 8.00 9.00 1.01 0.15 0.00 -0.00
69.04 8.01 9.00 1.01 0.13 0.00 -0.00
69.09 8.01 9.00 1.01 0.11 0.00 -0.00
69.14 8.02 9.00 1.01 0.10 0.00 -0.00
69.19 8.02 9.00 1.01 0.08 0.00 -0.00
69.24 8.03 9.00 1.01 0.06 0.00 -0.00
69.29 8.03 9.00 1.01 0.05 0.00 -0.00
69.34 8.03 9.00 1.01 0.03 0.00 -0.00
69.39 8.03 9.00 1.01 0.02 0.00 -0.00
69.44 8.03 9.00 1.01 0.00 0.00 -0.00
69.49 8.03 9.00 1.01 -0.01 0.00 -0.00
69.54 8.03 9.00 1.01 -0.02 0.00 -0.00
69.59 8.03 9.00 1.01 -0.03 0.00 -0.00
69.64 8.03 9.00 1.01 -0.04 0.00 -0.00
69.69 8.03 9.00 1.01 -0.05 0.00 -0.00
69.74 8.02 9.00 1.01 -0.05 0.00 -0.00
69.79 8.02 9.00 1.01 -0.06 0.00 -0.00
69.84 8.02 9.00 1.01 -0.06 0.00 -0.00
69.89 8.02 9.00 1.01 -0.06 0.00 -0.00
69.94 8.01 9.00 1.01 -0.07 0.00 -0.00
69.99 8.01 9.00 1.01 -0.07 0.00 -0.00
70.04 8.01 9.00 1.01 -0.07 0.00 -0.00
70.09 8.00 9.00 1.01 -0.07 0.00 -0.00
70.14 8.00 9.00 1.01 -0.07 0.00 -0.00
70.19 8.00 9.00 1.01 -0.06 0.00 -0.00
70.24 7.99 9.00 1.01 -0.06 0.00 -0.00
70.29 7.99 9.00 1.01 -0.06 0.00 -0.00
70.34 7.99 9.00 1.01 -0.05 0.00 -0.00
70.39 7.98 9.00 1.01 -0.05 0.00 -0.00
70.44 7.98 9.00 1.01 -0.04 0.00 -0.00
70.49 7.98 9.00 1.01 -0.04 0.00 -0.00
70.54 7.98 9.00 1.01 -0.04 0.00 -0.00
70.59 7.98 9.00 1.01 -0.03 0.00 -0.00
70.64 7.98 9.00 1.01 -0.03 0.00 -0.00
70.69 7.97 9.00 1.01 -0.02 0.00 -0.00
70.74 7.97 9.00 1.01 -0.02 0.00 -0.00
70.79 7.97 9.00 1.01 -0.01 0.00 -0.00
70.84 7.97 9.00 1.01 -0.01 0.00 -0.00
70.89 7.97 9.00 1.01 -0.00 0.00 -0.00
70.94 7.97 9.00 1.01 0.00 0.00 -0.00
70.99 7.97 9.00 1.01 0.00 0.00 -0.00
71.04 7.97 9.00 1.01 0.01 0.00 -0.00
71.09 7.97 9.00 1.01 0.01 0.00 -0.00
71.14 7.97 9.00 1.01 0.01 0.00 -0.00
71.19 7.97 9.00 1.01 0.02 0.00 -0.00
71.24 7.98 9.00 1.01 0.02 0.00 -0.00
71.29 7.98 9.00 1.01 0.02 0.00 -0.00
71.34 7.98 9.00 1.01 0.02 0.00 -0.00
71.39 7.98 9.00 1.01 0.02 0.00 -0.00
71.44 7.98 9.00 1.01 0.02 0.00 -0.00
71.49 7.98 9.00 1.01 0.02 0.00 -0.00
71.54 7.98 9.00 1.01 0.03 0.00 -0.00
71.59 7.98 9.00 1.01 0.03 0.00 -0.00
71.64 7.98 9.00 1.01 0.03 0.00 -0.00
71.69 7.99 9.00 1.01 0.02 0.00 -0.00
71.74 7.99 9.00 1.01 0.02 0.00 -0.00
71.79 7.99 9.00 1.01 0.02 0.00 -0.00
71.84 7.99 9.00 1.01 0.02 0.00 -0.00
71.89 7.99 9.00 1.01 0.02 0.00 -0.00
71.94 7.99 9.00 1.01 0.02 0.00 -0.00
71.99 7.99 9.00 1.01 0.02 0.00 -0.00
72.04 7.99 9.00 1.01 0.02 0.00 -0.00
72.09 7.99 9.00 1.01 0.02 0.00 -0.00
72.14 8.00 9.00 1.01 0.01 0.00 -0.00
72.19 8.00 9.00 1.01 0.01 0.00 -0.00
72.24 8.00 9.00 1.01 0.01 0.00 -0.00
72.29 8.00 9.00 1.01 0.01 0.00 -0.00
72.34 8.00 9.00 1.01 0.01 0.00 -0.00
72.39 8.00 9.00 1.01 0.01 0.00 -0.00
72.44 8.00 9.00 1.01 0.01 0.00 -0.00
72.49 8.00 9.00 1.01 0.01 0.00 -0.00
72.54 8.00 9.00 1.01 0.00 0.00 -0.00
72.59 8.00 9.00 1.01 0.00 0.00 -0.00
72.64 8.00 9.00 1.01 0.00 0.00 -0.00
72.69 8.00 9.00 1.01 0.00 0.00 -0.00
72.74 8.00 9.00 1.01 -0.00 0.00 -0.00
72.79 8.00 9.00 1.01 -0.00 0.00 -0.00
72.84 8.00 9.00 1.01 -0.00 0.00 -0.00
72.89 8.00 9.00 1.01 -0.00 0.00 -0.00
72.94 8.00 9.00 1.01 -0.00 0.00 -0.00
72.99 8.00 9.00 1.01 -0.00 0.00 -0.00
73.04 8.00 9.00 1.01 -0.00 0.00 -0.00
73.09 8.00 9.00 1.01 -0.00 0.00 -0.00
73.14 8.00 9.00 1.01 -0.00 0.00 -0.00
73.19 8.00 9.00 1.01 -0.00 0.00 -0.00
73.24 8.00 9.00 1.01 -0.00 0.00 -0.00
73.29 8.00 9.00 1.01 -0.00 0.00 -0.00
73.34 8.00 9.00 1.01 -0.00 0.00 -0.00
73.39 8.00 9.00 1.01 -0.00 0.00 -0.00
73.44 8.00 9.00 1.01 -0.00 0.00 -0.00
73.49 8.00 9.00 1.01 -0.00 0.00 -0.00
73.54 8.00 9.00 1.01 -0.00 0.00 -0.00
73.59 8.00 9.00 1.01 -0.00 0.00 -0.00
73.64 8.00 9.00 1.01 -0.00 0.00 -0.00
73.69 8.00 9.00 1.01 -0.00 0.00 -0.00
73.74 8.00 9.00 1.01 -0.00 0.00 -0.00
73.79 8.00 9.00 1.01 -0.00 0.00 -0.00
73.84 8.00 9.00 1.01 -0.00 0.00 -0.00
73.89 8.00 9.00 1.01 -0.00 0.00 -0.00
73.94 8.00 9.00 1.01 -0.00 0.00 -0.00
73.99 8.00 9.00 1.01 0.00 0.00 -0.00
74.04 8.00 9.00 1.01 0.00 0.00 -0.00
74.09 8.00 9.00 1.01 0.00 0.00 -0.00
74.14 8.00 9.00 1.01 0.00 0.00 -0.00
74.19 8.00 9.00 1.01 0.00 0.00 -0.00
74.24 8.00 9.00 1.01 0.00 0.00 -0.00
74.29 8.00 9.00 1.01 0.00 0.00 -0.00
74.34 8.00 9.00 1.01 0.00 0.00 -0.00
74.39 8.00 9.00 1.01 0.00 0.00 -0.00
74.44 8.00 9.00 1.01 0.00 0.00 -0.00
74.49 8.00 9.00 1.01 0.00 0.00 -0.00
74.54 8.00 9.00 1.00 0.00 0.00 -0.00
74.59 8.00 9.00 1.00 0.00 0.00 -0.00
74.64 8.00 9.00 1.00 0.00 0.00 -0.00
74.69 8.00 9.00 1.00 0.00 0.00 -0.00
74.74 8.00 9.00 1.00 0.00 0.00 -0.00
74.79 8.00 9.00 1.00 0.00 0.00 -0.00
74.84 8.00 9.00 1.00 0.00 0.00 -0.00
74.89 8.00 9.00 1.00 0.00 0.00 -0.00
74.94 8.00 9.00 1.00 0.00 0.00 -0.00
74.99 8.00 9.00 1.00 0.00 0.00 -0.00
75.04 8.00 9.00 1.00 0.00 0.00 -0.00
75.09 8.00 9.00 1.00 0.00 0.00 -0.00
75.14 8.00 9.00 1.00 0.00 0.00 -0.00
75.19 8.00 9.00 1.00 0.00 0.00 -0.00
75.24 8.00 9.00 1.00 0.00 0.00 -0.00
75.29 8.00 9.00 1.00 0.00 0.00 -0.00
75.34 8.00 9.00 1.00 0.00 0.00 -0.00
75.39 8.00 9.00 1.00 0.00 0.00 -0.00
75.44 8.00 9.00 1.00 0.00 0.00 -0.00
75.49 8.00 9.00 1.00 0.00 0.00 -0.00
75.54 8.00 9.00 1.00 0.00 0.00 -0.00
75.59 8.00 9.00 1.00 0.00 0.00 -0.00
75.64 8.00 9.00 1.00 0.00 0.00 -0.00
75.69 8.00 9.00 1.00 0.00 0.00 -0.00
75.74 8.00 9.00 1.00 0.00 0.00 -0.00
75.79 8.00 9.00 1.00 0.00 0.00 -0.00

75.80	8.00	9.00	1.00
75.80	10.00	13.00	1.00
75.84 8.00 9.00 1.00 0.00 0.00 -0.00
75.89 8.00 9.00 1.00 0.01 0.01 -0.00
75.94 8.00 9.00 1.00 0.09 0.14 -0.03
75.99 8.01 9.02 1.00 0.22 0.35 -0.08
76.04 8.02 9.04 1.00 0.35 0.57 -0.12
76.09 8.04 9.07 0.99 0.48 0.80 -0.15
76.14 8.07 9.12 0.98 0.59 1.02 -0.16
76.19 8.10 9.18 0.97 0.69 1.22 -0.16
76.24 8.14 9.24 0.97 0.78 1.41 -0.15
76.30 8.19 9.33 0.96 0.87 1.62 -0.13
76.35 8.24 9.42 0.95 0.94 1.77 -0.11
76.40 8.28 9.51 0.95 1.01 1.91 -0.09
76.45 8.34 9.61 0.94 1.06 2.04 -0.07
76.50 8.39 9.71 0.94 1.11 2.15 -0.05
76.55 8.45 9.82 0.94 1.15 2.26 -0.03
76.60 8.51 9.94 0.94 1.19 2.35 -0.02
76.65 8.57 10.06 0.93 1.23 2.44 -0.00
76.70 8.63 10.18 0.94 1.26 2.52 0.01
76.75 8.69 10.31 0.94 1.29 2.59 0.03
76.80 8.76 10.44 0.94 1.31 2.65 0.04
76.85 8.82 10.57 0.94 1.34 2.71 0.05
76.90 8.89 10.71 0.94 1.36 2.76 0.05
76.95 8.96 10.85 0.95 1.38 2.80 0.06
77.00 9.03 10.99 0.95 1.39 2.85 0.07
77.05 9.10 11.13 0.95 1.41 2.88 0.07
77.10 9.17 11.28 0.96 1.42 2.92 0.08
77.15 9.24 11.43 0.96 1.43 2.95 0.08
77.20 9.31 11.57 0.96 1.44 2.97 0.08
77.25 9.38 11.72 0.97 1.45 3.00 0.09
77.30 9.46 11.87 0.97 1.45 3.01 0.09
77.35 9.53 12.02 0.98 1.45 3.00 0.08
77.40 9.60 12.17 0.98 1.43 2.96 0.08
77.45 9.67 12.32 0.98 1.39 2.89 0.07
77.50 9.74 12.46 0.99 1.34 2.79 0.05
77.55 9.81 12.60 0.99 1.27 2.66 0.03
77.60 9.87 12.73 0.99 1.20 2.51 0.01
77.65 9.93 12.85 0.99 1.12 2.35 -0.02
77.70 9.98 12.96 0.99 1.03 2.17 -0.04
77.75 10.03 13.07 0.99 0.94 1.98 -0.06
77.80 10.07 13.16 0.98 0.84 1.78 -0.08
77.85 10.11 13.24 0.98 0.75 1.57 -0.09
77.90 10.15 13.32 0.97 0.65 1.37 -0.10
77.95 10.18 13.38 0.97 0.55 1.16 -0.10
78.00 10.20 13.43 0.96 0.45 0.95 -0.10
78.05 10.22 13.47 0.96 0.35 0.75 -0.09
78.10 10.24 13.51 0.96 0.26 0.56 -0.08
78.15 10.25 13.53 0.95 0.17 0.37 -0.06
78.20 10.25 13.54 0.95 0.09 0.20 -0.05
78.25 10.26 13.55 0.95 0.01 0.03 -0.03
78.30 10.26 13.55 0.95 -0.06 -0.12 -0.01
78.35 10.25 13.54 0.95 -0.13 -0.25 0.01
78.40 10.24 13.52 0.95 -0.18 -0.38 0.03
78.45 10.23 13.50 0.95 -0.24 -0.48 0.04
78.50 10.22 13.47 0.95 -0.28 -0.58 0.06
78.55 10.20 13.44 0.95 -0.32 -0.65 0.07
78.60 10.19 13.41 0.96 -0.35 -0.72 0.08
78.65 10.17 13.37 0.96 -0.37 -0.77 0.09
78.70 10.15 13.33 0.97 -0.39 -0.80 0.10
78.75 10.13 13.29 0.97 -0.40 -0.83 0.10
78.80 10.11 13.25 0.98 -0.40 -0.84 0.10
78.85 10.09 13.21 0.98 -0.40 -0.84 0.10
78.90 10.07 13.17 0.99 -0.40 -0.84 0.09
78.95 10.05 13.12 0.99 -0.39 -0.82 0.09
79.00 10.03 13.08 1.00 -0.38 -0.80 0.08
79.05 10.01 13.05 1.00 -0.36 -0.76 0.07
79.10 10.00 13.01 1.00 -0.34 -0.73 0.06
79.15 9.98 12.97 1.01 -0.32 -0.68 0.05
79.20 9.96 12.94 1.01 -0.30 -0.64 0.05
79.25 9.95 12.91 1.01 -0.28 -0.59 0.04
79.30 9.94 12.88 1.01 -0.25 -0.53 0.03
79.35 9.92 12.86 1.01 -0.22 -0.48 0.02
79.40 9.91 12.83 1.01 -0.20 -0.42 0.02
79.45 9.90 12.81 1.01 -0.17 -0.36 0.01
79.50 9.90 12.80 1.01 -0.14 -0.31 0.01
79.55 9.89 12.78 1.01 -0.11 -0.25 0.00
79.60 9.89 12.77 1.01 -0.09 -0.19 -0.00
79.65 9.88 12.76 1.01 -0.06 -0.14 -0.00
79.70 9.88 12.76 1.01 -0.04 -0.09 -0.00
79.75 9.88 12.76 1.01 -0.01 -0.04 -0.00
79.80 9.88 12.75 1.01 0.01 0.01 -0.00
79.85 9.88 12.76 1.01 0.03 0.05 -0.00
79.90 9.88 12.76 1.01 0.05 0.09 -0.00
79.95 9.88 12.76 1.01 0.06 0.12 -0.00
80.00 9.89 12.77 1.01 0.08 0.15 -0.00
80.05 9.89 12.78 1.01 0.09 0.18 -0.00
80.10 9.90 12.79 1.01 0.10 0.21 0.00
80.15 9.90 12.80 1.01 0.11 0.22 0.00
80.20 9.91 12.81 1.01 0.12 0.24 0.00
80.25 9.91 12.82 1.01 0.12 0.25 0.00
80.30 9.92 12.84 1.01 0.13 0.26 0.00
80.35 9.93 12.85 1.01 0.13 0.27 0.00
80.40 9.93 12.86 1.01 0.13 0.27 0.00
80.45 9.94 12.88 1.01 0.13 0.27 0.00
80.50 9.95 12.89 1.01 0.13 0.27 0.00
80.55 9.95 12.90 1.01 0.13 0.26 0.00
80.60 9.96 12.92 1.01 0.12 0.25 0.00
80.65 9.96 12.93 1.01 0.12 0.24 0.00
80.70 9.97 12.94 1.01 0.11 0.23 0.00
80.75 9.97 12.95 1.01 0.10 0.22 0.00
80.80 9.98 12.96 1.01 0.10 0.20 -0.00
80.85 9.98 12.97 1.01 0.09 0.19 -0.00
80.90 9.99 12.98 1.01 0.08 0.17 -0.00
80.95 9.99 12.99 1.01 0.08 0.16 -0.00
81.00 10.00 13.00 1.01 0.07 0.14 -0.00
81.05 10.00 13.00 1.01 0.06 0.12 -0.00
81.10 10.00 13.01 1.01 0.05 0.11 -0.00
81.15 10.00 13.01 1.01 0.04 0.09 -0.00
81.20 10.01 13.02 1.01 0.04 0.07 -0.00
81.25 10.01 13.02 1.01 0.03 0.06 -0.00
81.30 10.01 13.02 1.01 0.02 0.04 -0.00
81.35 10.01 13.03 1.01 0.01 0.03 -0.00
81.40 10.01 13.03 1.01 0.01 0.02 -0.00
81.45 10.01 13.03 1.01 0.00 0.00 -0.00
81.50 10.01 13.03 1.01 -0.00 -0.01 -0.00
81.55 10.01 13.03 1.01 -0.01 -0.02 -0.00
81.60 10.01 13.03 1.01 -0.01 -0.03 -0.00
81.65 10.01 13.02 1.01 -0.02 -0.03 -0.00
81.70 10.01 13.02 1.01 -0.02 -0.04 -0.00
81.75 10.01 13.02 1.01 -0.02 -0.05 -0.00
81.80 10.01 13.02 1.01 -0.02 -0.05 -0.00
81.85 10.01 13.01 1.01 -0.03 -0.06 -0.00
81.90 10.00 13.01 1.01 -0.03 -0.06 -0.00
81.95 10.00 13.01 1.01 -0.03 -0.06 -0.00
82.00 10.00 13.01 1.01 -0.03 -0.06 -0.00
82.05 10.00 13.00 1.01 -0.03 -0.06 -0.00
82.10 10.00 13.00 1.01 -0.03 -0.06 -0.00
82.15 10.00 13.00 1.01 -0.03 -0.06 -0.00
82.20 10.00 12.99 1.01 -0.03 -0.06 -0.00
82.25 9.99 12.99 1.01 -0.03 -0.05 -0.00
82.30 9.99 12.99 1.01 -0.02 -0.05 -0.00
82.35 9.99 12.99 1.01 -0.02 -0.05 -0.00
82.40 9.99 12.98 1.01 -0.02 -0.04 -0.00
82.45 9.99 12.98 1.01 -0.02 -0.04 -0.00
82.50 9.99 12.98 1.01 -0.02 -0.04 -0.00
82.55 9.99 12.98 1.01 -0.01 -0.03 -0.00
82.60 9.99 12.98 1.01 -0.01 -0.03 -0.00
82.65 9.99 12.98 1.01 -0.01 -0.02 -0.00
82.70 9.99 12.97 1.01 -0.01 -0.02 -0.00
82.75 9.99 12.97 1.01 -0.01 -0.01 -0.00
82.80 9.99 12.97 1.01 -0.00 -0.01 -0.00
82.85 9.99 12.97 1.01 -0.00 -0.01 -0.00
82.90 9.99 12.97 1.01 -0.00 -0.00 -0.00
82.95 9.99 12.97 1.01 0.00 0.00 -0.00
83.00 9.99 12.97 1.01 0.00 0.01 -0.00
83.05 9.99 12.97 1.01 0.00 0.01 -0.00
83.10 9.99 12.97 1.01 0.01 0.01 -0.00
83.15 9.99 12.97 1.01 0.01 0.01 -0.00
83.20 9.99 12.97 1.01 0.01 0.02 -0.00
83.25 9.99 12.98 1.01 0.01 0.02 -0.00
83.30 9.99 12.98 1.01 0.01 0.02 -0.00
83.35 9.99 12.98 1.01 0.01 0.02 -0.00
83.40 9.99 12.98 1.01 0.01 0.02 -0.00
83.45 9.99 12.98 1.01 0.01 0.02 -0.00
83.50 9.99 12.98 1.01 0.01 0.02 -0.00
83.55 9.99 12.98 1.01 0.01 0.02 -0.00
83.60 9.99 12.98 1.01 0.01 0.02 -0.00
83.65 9.99 12.98 1.01 0.01 0.02 -0.00
83.70 9.99 12.99 1.01 0.01 0.02 -0.00
83.75 9.99 12.99 1.01 0.01 0.02 -0.00
83.80 9.99 12.99 1.01 0.01 0.02 -0.00
83.85 9.99 12.99 1.01 0.01 0.02 -0.00
83.90 9.99 12.99 1.01 0.01 0.02 -0.00
83.95 10.00 12.99 1.01 0.01 0.02 -0.00
84.00 10.00 12.99 1.01 0.01 0.02 -0.00
84.05 10.00 12.99 1.01 0.01 0.02 -0.00
84.10 10.00 12.99 1.01 0.01 0.02 -0.00
84.15 10.00 12.99 1.01 0.01 0.01 -0.00
84.20 10.00 13.00 1.01 0.01 0.01 -0.00
84.25 10.00 13.00 1.01 0.01 0.01 -0.00
84.30 10.00 13.00 1.01 0.00 0.01 -0.00
84.35 10.00 13.00 1.01 0.00 0.01 -0.00
84.40 10.00 13.00 1.01 0.00 0.01 -0.00
84.45 10.00 13.00 1.01 0.00 0.01 -0.00
84.50 10.00 13.00 1.01 0.00 0.00 -0.00
84.55 10.00 13.00 1.01 0.00 0.00 -0.00
84.60 10.00 13.00 1.01 0.00 0.00 -0.00
84.65 10.00 13.00 1.01 0.00 0.00 -0.00
84.70 10.00 13.00 1.01 0.00 0.00 -0.00
84.75 10.00 13.00 1.01 0.00 0.00 -0.00
84.80 10.00 13.00 1.01 -0.00 -0.00 -0.00
84.85 10.00 13.00 1.01 -0.00 -0.00 -0.00
84.90 10.00 13.00 1.01 -0.00 -0.00 -0.00
84.95 10.00 13.00 1.01 -0.00 -0.00 -0.00
85.00 10.00 13.00 1.01 -0.00 -0.00 -0.00
85.05 10.00 13.00 1.01 -0.00 -0.00 -0.00
85.10 10.00 13.00 1.01 -0.00 -0.00 -0.00
85.15 10.00 13.00 1.01 -0.00 -0.00 -0.00
85.20 10.00 13.00 1.01 -0.00 -0.00 -0.00
85.25 10.00 13.00 1.01 -0.00 -0.00 -0.00
85.30 10.00 13.00 1.01 -0.00 -0.00 -0.00
85.35 10.00 13.00 1.01 -0.00 -0.00 -0.00
85.40 10.00 13.00 1.01 -0.00 -0.00 -0.00
85.45 10.00 13.00 1.01 -0.00 -0.00 -0.00
85.50 10.00 13.00 1.01 -0.00 -0.00 -0.00
85.55 10.00 13.00 1.01 -0.00 -0.00 -0.00
85.60 10.00 13.00 1.01 -0.00 -0.00 -0.00
85.65 10.00 13.00 1.01 -0.00 -0.00 -0.00
85.70 10.00 13.00 1.01 -0.00 -0.00 -0.00
85.75 10.00 13.00 1.01 -0.00 -0.00 -0.00
85.80 10.00 13.00 1.01 -0.00 -0.00 -0.00
85.85 10.00 13.00 1.01 -0.00 -0.00 -0.00
85.90 10.00 13.00 1.01 -0.00 -0.00 -0.00
85.95 10.00 13.00 1.01 0.00 -0.00 -0.00
86.00 10.00 13.00 1.01 0.00 0.00 -0.00
86.05 10.00 13.00 1.01 0.00 0.00 -0.00
86.10 10.00 13.00 1.01 0.00 0.00 -0.00
86.15 10.00 13.00 1.01 0.00 0.00 -0.00
86.20 10.00 13.00 1.01 0.00 0.00 -0.00
86.25 10.00 13.00 1.01 0.00 0.00 -0.00
86.30 10.00 13.00 1.01 0.00 0.00 -0.00
86.35 10.00 13.00 1.01 0.00 0.00 -0.00
86.40 10.00 13.00 1.01 0.00 0.00 -0.00
86.45 10.00 13.00 1.01 0.00 0.00 -0.00
86.50 10.00 13.00 1.01 0.00 0.00 -0.00
86.55 10.00 13.00 1.01 0.00 0.00 -0.00
86.60 10.00 13.00 1.01 0.00 0.00 -0.00
86.65 10.00 13.00 1.00 0.00 0.00 -0.00
86.70 10.00 13.00 1.00 0.00 0.00 -0.00
86.75 10.00 13.00 1.00 0.00 0.00 -0.00
86.80 10.00 13.00 1.00 0.00 0.00 -0.00
86.85 10.00 13.00 1.00 0.00 0.00 -0.00
86.90 10.00 13.00 1.00 0.00 0.00 -0.00
86.95 10.00 13.00 1.00 0.00 0.00 -0.00
87.00 10.00 13.00 1.00 0.00 0.00 -0.00
87.05 10.00 13.00 1.00 0.00 0.00 -0.00
87.10 10.00 13.00 1.00 0.00 0.00 -0.00
87.15 10.00 13.00 1.00 0.00 0.00 -0.00
87.20 10.00 13.00 1.00 0.00 0.00 -0.00
87.25 10.00 13.00 1.00 0.00 0.00 -0.00
87.30 10.00 13.00 1.00 0.00 0.00 -0.00
87.35 10.00 13.00 1.00 0.00 0.00 -0.00
87.40 10.00 13.00 1.00 0.00 0.00 -0.00
87.45 10.00 13.00 1.00 0.00 0.00 -0.00
87.50 10.00 13.00 1.00 0.00 0.00 -0.00
87.55 10.00 13.00 1.00 0.00 0.00 -0.00
87.60 10.00 13.00 1.00 0.00 0.00 -0.00
87.65 10.00 13.00 1.00 0.00 0.00 -0.00
87.70 10.00 13.00 1.00 0.00 0.00 -0.00
87.75 10.00 13.00 1.00 0.00 0.00 -0.00
87.80 10.00 13.00 1.00 0.00 0.00 -0.00
87.85 10.00 13.00 1.00 0.00 0.00 -0.00

87.85	10.00	13.00	1.00
87.85	9.00	15.00	1.00
87.90 10.00 13.00 1.00 -0.00 0.00 -0.00
87.95 10.00 13.00 1.00 -0.07 0.11 -0.02
88.00 9.99 13.01 1.00 -0.19 0.30 -0.07
88.05 9.98 13.03 1.00 -0.33 0.53 -0.12
88.10 9.96 13.06 0.99 -0.45 0.76 -0.14
88.15 9.93 13.11 0.98 -0.57 0.98 -0.16
88.20 9.90 13.16 0.97 -0.67 1.19 -0.16
88.25 9.87 13.23 0.97 -0.76 1.38 -0.14
88.30 9.83 13.30 0.96 -0.84 1.56 -0.12
88.35 9.78 13.38 0.95 -0.92 1.72 -0.10
88.40 9.73 13.47 0.95 -0.98 1.87 -0.08
88.45 9.68 13.57 0.95 -1.04 2.00 -0.05
88.50 9.63 13.67 0.95 -1.09 2.12 -0.02
88.55 9.58 13.78 0.95 -1.13 2.23 0.00
88.60 9.52 13.89 0.95 -1.16 2.32 0.03
88.65 9.46 14.01 0.95 -1.18 2.37 0.05
88.70 9.40 14.13 0.95 -1.18 2.39 0.07
88.75 9.34 14.25 0.95 -1.16 2.38 0.08
88.80 9.28 14.37 0.96 -1.14 2.34 0.09
88.85 9.23 14.48 0.96 -1.10 2.27 0.09
88.90 9.18 14.59 0.97 -1.05 2.19 0.08
88.95 9.12 14.70 0.97 -0.99 2.08 0.07
89.00 9.08 14.80 0.97 -0.93 1.97 0.06
89.05 9.03 14.90 0.98 -0.86 1.84 0.04
89.10 8.99 14.99 0.98 -0.79 1.70 0.03
89.15 8.95 15.07 0.98 -0.72 1.56 0.01
89.20 8.92 15.14 0.98 -0.64 1.40 -0.00
89.25 8.89 15.21 0.98 -0.57 1.25 -0.01
89.30 8.86 15.27 0.98 -0.49 1.09 -0.02
89.35 8.84 15.32 0.98 -0.41 0.93 -0.03
89.40 8.82 15.36 0.98 -0.34 0.78 -0.03
89.45 8.81 15.39 0.97 -0.26 0.62 -0.03
89.50 8.79 15.42 0.97 -0.19 0.47 -0.03
89.55 8.79 15.44 0.97 -0.12 0.33 -0.02
89.60 8.78 15.45 0.97 -0.06 0.19 -0.02
89.65 8.78 15.46 0.97 0.00 0.07 -0.01
89.70 8.78 15.46 0.97 0.06 -0.05 0.00
89.75 8.79 15.46 0.97 0.11 -0.16 0.01
89.80 8.79 15.45 0.97 0.15 -0.26 0.02
89.85 8.80 15.43 0.97 0.19 -0.35 0.03
89.90 8.81 15.41 0.97 0.22 -0.42 0.04
89.95 8.82 15.39 0.98 0.25 -0.49 0.05
90.00 8.84 15.36 0.98 0.28 -0.54 0.05
90.05 8.85 15.33 0.98 0.30 -0.58 0.06
90.10 8.87 15.30 0.98 0.31 -0.62 0.06
90.15 8.88 15.27 0.99 0.32 -0.64 0.06
90.20 8.90 15.24 0.99 0.32 -0.66 0.06
90.25 8.91 15.21 0.99 0.32 -0.66 0.06
90.30 8.93 15.17 1.00 0.32 -0.66 0.06
90.35 8.95 15.14 1.00 0.31 -0.65 0.05
90.40 8.96 15.11 1.00 0.30 -0.64 0.05
90.45 8.98 15.08 1.00 0.29 -0.61 0.04
90.50 8.99 15.05 1.01 0.28 -0.59 0.04
90.55 9.00 15.02 1.01 0.26 -0.56 0.03
90.60 9.02 14.99 1.01 0.24 -0.52 0.03
90.65 9.03 14.97 1.01 0.22 -0.49 0.02
90.70 9.04 14.94 1.01 0.20 -0.44 0.02
90.75 9.05 14.92 1.01 0.18 -0.40 0.01
90.80 9.06 14.90 1.01 0.16 -0.36 0.01
90.85 9.06 14.89 1.01 0.14 -0.31 0.01
90.90 9.07 14.87 1.01 0.12 -0.27 0.00
90.95 9.08 14.86 1.01 0.10 -0.23 0.00
91.00 9.08 14.85 1.01 0.07 -0.18 -0.00
91.05 9.08 14.84 1.01 0.05 -0.14 -0.00
91.10 9.09 14.84 1.01 0.04 -0.10 -0.00
91.15 9.09 14.83 1.01 0.02 -0.06 -0.00
91.20 9.09 14.83 1.01 -0.00 -0.02 -0.00
91.25 9.09 14.83 1.01 -0.02 0.01 -0.00
91.30 9.09 14.83 1.01 -0.03 0.04 -0.00
91.35 9.08 14.83 1.01 -0.04 0.07 -0.00
91.40 9.08 14.84 1.01 -0.06 0.10 -0.00
91.45 9.08 14.84 1.01 -0.07 0.12 -0.00
91.50 9.07 14.85 1.01 -0.07 0.14 -0.00
91.55 9.07 14.86 1.01 -0.08 0.16 -0.00
91.60 9.07 14.87 1.01 -0.09 0.17 0.00
91.65 9.06 14.87 1.01 -0.09 0.18 0.00
91.70 9.06 14.88 1.01 -0.10 0.19 0.00
91.75 9.05 14.89 1.01 -0.10 0.20 0.00
91.80 9.05 14.90 1.01 -0.10 0.20 0.00
91.85 9.04 14.91 1.01 -0.10 0.20 0.00
91.90 9.04 14.92 1.01 -0.10 0.20 0.00
91.95 9.03 14.93 1.01 -0.10 0.20 0.00
92.00 9.03 14.94 1.01 -0.09 0.19 0.00
92.05 9.02 14.95 1.01 -0.09 0.18 0.00
92.10 9.02 14.96 1.01 -0.09 0.18 0.00
92.15 9.02 14.97 1.01 -0.08 0.17 -0.00
92.20 9.01 14.98 1.01 -0.07 0.16 -0.00
92.25 9.01 14.99 1.01 -0.07 0.15 -0.00
92.30 9.00 14.99 1.01 -0.06 0.13 -0.00
92.35 9.00 15.00 1.01 -0.06 0.12 -0.00
92.40 9.00 15.00 1.01 -0.05 0.11 -0.00
92.45 9.00 15.01 1.01 -0.04 0.10 -0.00
92.50 8.99 15.01 1.01 -0.04 0.08 -0.00
92.55 8.99 15.02 1.01 -0.03 0.07 -0.00
92.60 8.99 15.02 1.01 -0.03 0.06 -0.00
92.65 8.99 15.02 1.01 -0.02 0.05 -0.00
92.70 8.99 15.03 1.01 -0.02 0.04 -0.00
92.75 8.99 15.03 1.01 -0.01 0.02 -0.00
92.80 8.99 15.03 1.01 -0.01 0.01 -0.00
92.85 8.99 15.03 1.01 -0.00 0.00 -0.00
92.90 8.99 15.03 1.01 0.00 -0.00 -0.00
92.95 8.99 15.03 1.01 0.01 -0.01 -0.00
93.00 8.99 15.03 1.01 0.01 -0.02 -0.00
93.05 8.99 15.03 1.01 0.01 -0.03 -0.00
93.10 8.99 15.03 1.01 0.02 -0.03 -0.00
93.15 8.99 15.02 1.01 0.02 -0.04 -0.00
93.20 8.99 15.02 1.01 0.02 -0.04 -0.00
93.25 8.99 15.02 1.01 0.02 -0.04 -0.00
93.30 8.99 15.02 1.01 0.02 -0.05 -0.00
93.35 8.99 15.01 1.01 0.02 -0.05 -0.00
93.40 9.00 15.01 1.01 0.02 -0.05 -0.00
93.45 9.00 15.01 1.01 0.02 -0.05 -0.00
93.50 9.00 15.01 1.01 0.02 -0.05 -0.00
93.55 9.00 15.00 1.01 0.02 -0.05 -0.00
93.60 9.00 15.00 1.01 0.02 -0.05 -0.00
93.65 9.00 15.00 1.01 0.02 -0.05 -0.00
93.70 9.00 15.00 1.01 0.02 -0.04 -0.00
93.75 9.00 15.00 1.01 0.02 -0.04 -0.00
93.80 9.00 14.99 1.01 0.02 -0.04 -0.00
93.85 9.01 14.99 1.01 0.02 -0.03 -0.00
93.90 9.01 14.99 1.01 0.01 -0.03 -0.00
93.95 9.01 14.99 1.01 0.01 -0.03 -0.00
94.00 9.01 14.99 1.01 0.01 -0.02 -0.00
94.05 9.01 14.99 1.01 0.01 -0.02 -0.00
94.10 9.01 14.99 1.01 0.01 -0.02 -0.00
94.15 9.01 14.98 1.01 0.01 -0.01 -0.00
94.20 9.01 14.98 1.01 0.00 -0.01 -0.00
94.25 9.01 14.98 1.01 0.00 -0.01 -0.00
94.30 9.01 14.98 1.01 0.00 -0.01 -0.00
94.35 9.01 14.98 1.01 -0.00 -0.00 -0.00
94.40 9.01 14.98 1.01 -0.00 0.00 -0.00
94.45 9.01 14.98 1.01 -0.00 0.00 -0.00
94.50 9.01 14.98 1.01 -0.00 0.01 -0.00
94.55 9.01 14.98 1.01 -0.00 0.01 -0.00
94.60 9.01 14.98 1.01 -0.01 0.01 -0.00
94.65 9.01 14.98 1.01 -0.01 0.01 -0.00
94.70 9.01 14.99 1.01 -0.01 0.01 -0.00
94.75 9.01 14.99 1.01 -0.01 0.01 -0.00
94.80 9.01 14.99 1.01 -0.01 0.01 -0.00
94.85 9.01 14.99 1.01 -0.01 0.02 -0.00
94.90 9.01 14.99 1.01 -0.01 0.02 -0.00
94.95 9.01 14.99 1.01 -0.01 0.02 -0.00
95.00 9.01 14.99 1.01 -0.01 0.02 -0.00
95.05 9.00 14.99 1.01 -0.01 0.02 -0.00
95.10 9.00 14.99 1.01 -0.01 0.02 -0.00
95.15 9.00 14.99 1.01 -0.01 0.02 -0.00
95.20 9.00 14.99 1.01 -0.01 0.02 -0.00
95.25 9.00 14.99 1.01 -0.01 0.02 -0.00
95.30 9.00 14.99 1.01 -0.01 0.01 -0.00
95.35 9.00 15.00 1.01 -0.01 0.01 -0.00
95.40 9.00 15.00 1.01 -0.01 0.01 -0.00
95.45 9.00 15.00 1.01 -0.01 0.01 -0.00
95.50 9.00 15.00 1.01 -0.01 0.01 -0.00
95.55 9.00 15.00 1.01 -0.00 0.01 -0.00
95.60 9.00 15.00 1.01 -0.00 0.01 -0.00
95.65 9.00 15.00 1.01 -0.00 0.01 -0.00
95.70 9.00 15.00 1.01 -0.00 0.01 -0.00
95.75 9.00 15.00 1.01 -0.00 0.01 -0.00
95.80 9.00 15.00 1.01 -0.00 0.01 -0.00
95.85 9.00 15.00 1.01 -0.00 0.00 -0.00
95.90 9.00 15.00 1.01 -0.00 0.00 -0.00
95.95 9.00 15.00 1.01 -0.00 0.00 -0.00
96.00 9.00 15.00 1.01 -0.00 0.00 -0.00
96.05 9.00 15.00 1.01 -0.00 0.00 -0.00
96.10 9.00 15.00 1.01 -0.00 0.00 -0.00
96.15 9.00 15.00 1.01 0.00 -0.00 -0.00
96.20 9.00 15.00 1.01 0.00 -0.00 -0.00
96.25 9.00 15.00 1.01 0.00 -0.00 -0.00
96.30 9.00 15.00 1.01 0.00 -0.00 -0.00
96.35 9.00 15.00 1.01 0.00 -0.00 -0.00
96.40 9.00 15.00 1.01 0.00 -0.00 -0.00
96.45 9.00 15.00 1.01 0.00 -0.00 -0.00
96.50 9.00 15.00 1.01 0.00 -0.00 -0.00
96.55 9.00 15.00 1.01 0.00 -0.00 -0.00
96.60 9.00 15.00 1.01 0.00 -0.00 -0.00
96.65 9.00 15.00 1.01 0.00 -0.00 -0.00
96.70 9.00 15.00 1.01 0.00 -0.00 -0.00
96.75 9.00 15.00 1.01 0.00 -0.00 -0.00
96.80 9.00 15.00 1.01 0.00 -0.00 -0.00
96.85 9.00 15.00 1.01 0.00 -0.00 -0.00
96.90 9.00 15.00 1.00 0.00 -0.00 -0.00
96.95 9.00 15.00 1.00 0.00 -0.00 -0.00
97.00 9.00 15.00 1.00 0.00 -0.00 -0.00
97.05 9.00 15.00 1.00 0.00 -0.00 -0.00
97.10 9.00 15.00 1.00 0.00 -0.00 -0.00
97.15 9.00 15.00 1.00 0.00 -0.00 -0.00
97.20 9.00 15.00 1.00 0.00 -0.00 -0.00
97.25 9.00 15.00 1.00 0.00 -0.00 -0.00
97.30 9.00 15.00 1.00 0.00 -0.00 -0.00
97.35 9.00 15.00 1.00 0.00 -0.00 -0.00
97.40 9.00 15.00 1.00 0.00 -0.00 -0.00

97.42	9.00	15.00	1.00
97.42	8.00	17.00	1.00
97.46 9.00 15.00 1.00 -0.00 -0.00 -0.00
97.51 9.00 15.00 1.00 -0.03 0.05 -0.01
97.56 9.00 15.00 1.00 -0.14 0.22 -0.05
97.61 8.99 15.02 1.00 -0.27 0.44 -0.10
97.66 8.97 15.05 0.99 -0.40 0.67 -0.14
97.71 8.95 15.09 0.99 -0.52 0.89 -0.15
97.76 8.92 15.14 0.98 -0.63 1.10 -0.16
97.81 8.88 15.20 0.97 -0.73 1.30 -0.15
97.86 8.84 15.27 0.96 -0.81 1.49 -0.13
97.91 8.80 15.35 0.96 -0.89 1.66 -0.11
97.96 8.76 15.43 0.95 -0.95 1.81 -0.09
98.01 8.71 15.53 0.95 -1.01 1.95 -0.06
98.06 8.65 15.63 0.95 -1.07 2.07 -0.03
98.11 8.60 15.74 0.95 -1.11 2.19 -0.01
98.16 8.54 15.85 0.95 -1.15 2.28 0.02
98.21 8.49 15.96 0.95 -1.17 2.35 0.04
98.26 8.43 16.08 0.95 -1.18 2.39 0.06
98.31 8.37 16.20 0.95 -1.17 2.39 0.08
98.36 8.31 16.32 0.96 -1.15 2.36 0.09
98.41 8.25 16.44 0.96 -1.11 2.30 0.09
98.46 8.20 16.55 0.97 -1.07 2.22 0.08
98.51 8.15 16.66 0.97 -1.02 2.13 0.08
98.56 8.10 16.76 0.97 -0.96 2.02 0.06
98.61 8.05 16.86 0.98 -0.89 1.89 0.05
98.66 8.01 16.95 0.98 -0.82 1.76 0.03
98.71 7.97 17.04 0.98 -0.75 1.62 0.02
98.76 7.93 17.11 0.98 -0.68 1.47 0.00
98.81 7.90 17.18 0.98 -0.60 1.31 -0.01
98.86 7.87 17.24 0.98 -0.52 1.16 -0.02
98.91 7.85 17.30 0.98 -0.44 1.00 -0.03
98.96 7.83 17.34 0.98 -0.37 0.84 -0.03
99.01 7.81 17.38 0.98 -0.29 0.68 -0.03
99.06 7.80 17.41 0.97 -0.22 0.53 -0.03
99.11 7.79 17.43 0.97 -0.15 0.39 -0.03
99.16 7.78 17.45 0.97 -0.09 0.25 -0.02
99.21 7.78 17.46 0.97 -0.02 0.12 -0.01
99.26 7.78 17.46 0.97 0.03 -0.01 -0.00
99.31 7.78 17.46 0.97 0.09 -0.12 0.01
99.36 7.79 17.45 0.97 0.13 -0.22 0.02
99.41 7.80 17.44 0.97 0.17 -0.31 0.03
99.46 7.81 17.42 0.97 0.21 -0.39 0.03
99.51 7.82 17.40 0.98 0.24 -0.46 0.04
99.56 7.83 17.37 0.98 0.27 -0.52 0.05
99.61 7.85 17.35 0.98 0.29 -0.57 0.05
99.66 7.86 17.32 0.98 0.30 -0.60 0.06
99.71 7.88 17.29 0.99 0.31 -0.63 0.06
99.76 7.89 17.25 0.99 0.32 -0.65 0.06
99.81 7.91 17.22 0.99 0.32 -0.66 0.06
99.86 7.92 17.19 0.99 0.32 -0.66 0.06
99.91 7.94 17.15 1.00 0.32 -0.66 0.05
99.96 7.96 17.12 1.00 0.31 -0.64 0.05
100.01 7.97 17.09 1.00 0.30 -0.62 0.05
100.06 7.98 17.06 1.00 0.28 -0.60 0.04
100.11 8.00 17.03 1.01 0.27 -0.57 0.04
100.16 8.01 17.00 1.01 0.25 -0.54 0.03
100.21 8.02 16.98 1.01 0.23 -0.50 0.02
100.26 8.03 16.95 1.01 0.21 -0.46 0.02
100.31 8.04 16.93 1.01 0.19 -0.42 0.02
100.36 8.05 16.91 1.01 0.17 -0.38 0.01
100.41 8.06 16.89 1.01 0.15 -0.33 0.01
100.46 8.07 16.88 1.01 0.13 -0.29 0.00
100.51 8.07 16.86 1.01 0.10 -0.24 0.00
100.56 8.08 16.85 1.01 0.08 -0.20 -0.00
100.61 8.08 16.84 1.01 0.06 -0.16 -0.00
100.66 8.09 16.84 1.01 0.04 -0.12 -0.00
100.71 8.09 16.83 1.01 0.02 -0.08 -0.00
100.76 8.09 16.83 1.01 0.01 -0.04 -0.00
100.81 8.09 16.83 1.01 -0.01 -0.00 -0.00
100.86 8.09 16.83 1.01 -0.02 0.03 -0.00
100.91 8.09 16.83 1.01 -0.04 0.06 -0.00
100.96 8.08 16.84 1.01 -0.05 0.09 -0.00
101.01 8.08 16.84 1.01 -0.06 0.11 -0.00
101.06 8.08 16.85 1.01 -0.07 0.13 -0.00
101.11 8.07 16.85 1.01 -0.08 0.15 -0.00
101.16 8.07 16.86 1.01 -0.09 0.16 -0.00
101.21 8.06 16.87 1.01 -0.09 0.18 0.00
101.26 8.06 16.88 1.01 -0.10 0.19 0.00
101.31 8.05 16.89 1.01 -0.10 0.19 0.00
101.36 8.05 16.90 1.01 -0.10 0.20 0.00
101.41 8.04 16.91 1.01 -0.10 0.20 0.00
101.46 8.04 16.92 1.01 -0.10 0.20 0.00
101.51 8.04 16.93 1.01 -0.10 0.20 0.00
101.56 8.03 16.94 1.01 -0.09 0.19 0.00
101.61 8.03 16.95 1.01 -0.09 0.19 0.00
101.66 8.02 16.96 1.01 -0.09 0.18 0.00
101.71 8.02 16.97 1.01 -0.08 0.17 -0.00
101.76 8.01 16.97 1.01 -0.08 0.16 -0.00
101.81 8.01 16.98 1.01 -0.07 0.15 -0.00
101.86 8.01 16.99 1.01 -0.07 0.14 -0.00
101.91 8.00 17.00 1.01 -0.06 0.13 -0.00
101.96 8.00 17.00 1.01 -0.05 0.11 -0.00
102.01 8.00 17.01 1.01 -0.05 0.10 -0.00
102.06 8.00 17.01 1.01 -0.04 0.09 -0.00
102.11 7.99 17.02 1.01 -0.03 0.08 -0.00
102.16 7.99 17.02 1.01 -0.03 0.06 -0.00
102.21 7.99 17.02 1.01 -0.02 0.05 -0.00
102.26 7.99 17.03 1.01 -0.02 0.04 -0.00
102.31 7.99 17.03 1.01 -0.01 0.03 -0.00
102.36 7.99 17.03 1.01 -0.01 0.02 -0.00
102.41 7.99 17.03 1.01 -0.00 0.01 -0.00
102.46 7.99 17.03 1.01 0.00 -0.00 -0.00
102.51 7.99 17.03 1.01 0.01 -0.01 -0.00
102.56 7.99 17.03 1.01 0.01 -0.02 -0.00
102.61 7.99 17.03 1.01 0.01 -0.02 -0.00
102.66 7.99 17.03 1.01 0.02 -0.03 -0.00
102.71 7.99 17.02 1.01 0.02 -0.03 -0.00
102.76 7.99 17.02 1.01 0.02 -0.04 -0.00
102.81 7.99 17.02 1.01 0.02 -0.04 -0.00
102.86 7.99 17.02 1.01 0.02 -0.05 -0.00
102.91 7.99 17.02 1.01 0.02 -0.05 -0.00
102.96 8.00 17.01 1.01 0.02 -0.05 -0.00
103.01 8.00 17.01 1.01 0.02 -0.05 -0.00
103.06 8.00 17.01 1.01 0.02 -0.05 -0.00
103.11 8.00 17.01 1.01 0.02 -0.05 -0.00
103.16 8.00 17.00 1.01 0.02 -0.05 -0.00
103.21 8.00 17.00 1.01 0.02 -0.05 -0.00
103.26 8.00 17.00 1.01 0.02 -0.04 -0.00
103.31 8.00 17.00 1.01 0.02 -0.04 -0.00
103.36 8.00 16.99 1.01 0.02 -0.04 -0.00
103.41 8.01 16.99 1.01 0.02 -0.04 -0.00
103.46 8.01 16.99 1.01 0.01 -0.03 -0.00
103.51 8.01 16.99 1.01 0.01 -0.03 -0.00
103.56 8.01 16.99 1.01 0.01 -0.03 -0.00
103.61 8.01 16.99 1.01 0.01 -0.02 -0.00
103.66 8.01 16.99 1.01 0.01 -0.02 -0.00
103.71 8.01 16.98 1.01 0.01 -0.02 -0.00
103.76 8.01 16.98 1.01 0.00 -0.01 -0.00
103.81 8.01 16.98 1.01 0.00 -0.01 -0.00
103.86 8.01 16.98 1.01 0.00 -0.01 -0.00
103.91 8.01 16.98 1.01 0.00 -0.00 -0.00
103.96 8.01 16.98 1.01 -0.00 -0.00 -0.00
104.01 8.01 16.98 1.01 -0.00 0.00 -0.00
104.06 8.01 16.98 1.01 -0.00 0.00 -0.00
104.11 8.01 16.98 1.01 -0.00 0.01 -0.00
104.16 8.01 16.98 1.01 -0.01 0.01 -0.00
104.21 8.01 16.98 1.01 -0.01 0.01 -0.00
104.26 8.01 16.98 1.01 -0.01 0.01 -0.00
104.31 8.01 16.99 1.01 -0.01 0.01 -0.00
104.36 8.01 16.99 1.01 -0.01 0.01 -0.00
104.41 8.01 16.99 1.01 -0.01 0.02 -0.00
104.46 8.01 16.99 1.01 -0.01 0.02 -0.00
104.51 8.01 16.99 1.01 -0.01 0.02 -0.00
104.56 8.01 16.99 1.01 -0.01 0.02 -0.00
104.61 8.01 16.99 1.01 -0.01 0.02 -0.00
104.66 8.00 16.99 1.01 -0.01 0.02 -0.00
104.71 8.00 16.99 1.01 -0.01 0.02 -0.00
104.76 8.00 16.99 1.01 -0.01 0.02 -0.00
104.81 8.00 16.99 1.01 -0.01 0.02 -0.00
104.86 8.00 16.99 1.01 -0.01 0.01 -0.00
104.91 8.00 17.00 1.01 -0.01 0.01 -0.00
104.96 8.00 17.00 1.01 -0.01 0.01 -0.00
105.01 8.00 17.00 1.01 -0.01 0.01 -0.00
105.06 8.00 17.00 1.01 -0.01 0.01 -0.00
105.11 8.00 17.00 1.01 -0.01 0.01 -0.00
105.16 8.00 17.00 1.01 -0.00 0.01 -0.00
105.21 8.00 17.00 1.01 -0.00 0.01 -0.00
105.26 8.00 17.00 1.01 -0.00 0.01 -0.00
105.31 8.00 17.00 1.01 -0.00 0.01 -0.00
105.36 8.00 17.00 1.01 -0.00 0.01 -0.00
105.41 8.00 17.00 1.01 -0.00 0.00 -0.00
105.46 8.00 17.00 1.01 -0.00 0.00 -0.00
105.51 8.00 17.00 1.01 -0.00 0.00 -0.00
105.56 8.00 17.00 1.01 -0.00 0.00 -0.00
105.61 8.00 17.00 1.01 -0.00 0.00 -0.00
105.66 8.00 17.00 1.01 -0.00 0.00 -0.00
105.71 8.00 17.00 1.01 0.00 -0.00 -0.00
105.76 8.00 17.00 1.01 0.00 -0.00 -0.00
105.81 8.00 17.00 1.01 0.00 -0.00 -0.00
105.86 8.00 17.00 1.01 0.00 -0.00 -0.00
105.91 8.00 17.00 1.01 0.00 -0.00 -0.00
105.96 8.00 17.00 1.01 0.00 -0.00 -0.00
106.01 8.00 17.00 1.01 0.00 -0.00 -0.00
106.06 8.00 17.00 1.01 0.00 -0.00 -0.00
106.11 8.00 17.00 1.01 0.00 -0.00 -0.00
106.16 8.00 17.00 1.01 0.00 -0.00 -0.00
106.21 8.00 17.00 1.01 0.00 -0.00 -0.00
106.26 8.00 17.00 1.01 0.00 -0.00 -0.00
106.31 8.00 17.00 1.01 0.00 -0.00 -0.00
106.36 8.00 17.00 1.01 0.00 -0.00 -0.00
106.41 8.00 17.00 1.01 0.00 -0.00 -0.00
106.46 8.00 17.00 1.01 0.00 -0.00 -0.00
106.51 8.00 17.00 1.01 0.00 -0.00 -0.00
106.56 8.00 17.00 1.00 0.00 -0.00 -0.00
106.61 8.00 17.00 1.00 0.00 -0.00 -0.00
106.66 8.00 17.00 1.00 0.00 -0.00 -0.00
106.71 8.00 17.00 1.00 0.00 -0.00 -0.00
106.76 8.00 17.00 1.00 0.00 -0.00 -0.00
106.81 8.00 17.00 1.00 0.00 -0.00 -0.00
106.86 8.00 17.00 1.00 0.00 -0.00 -0.00
106.91 8.00 17.00 1.00 0.00 -0.00 -0.00
106.96 8.00 17.00 1.00 0.00 -0.00 -0.00
107.01 8.00 17.00 1.00 -0.00 -0.00 -0.00

107.10	8.00	17.00	1.00
107.10	7.00	19.00	1.00
107.14 8.00 17.00 1.00 -0.00 0.00 -0.00
107.19 8.00 17.00 1.00 -0.05 0.07 -0.01
107.24 8.00 17.01 1.00 -0.17 0.26 -0.06
107.29 7.98 17.03 1.00 -0.30 0.48 -0.11
107.34 7.97 17.06 0.99 -0.43 0.71 -0.14
107.39 7.94 17.10 0.98 -0.55 0.94 -0.16
107.44 7.91 17.15 0.98 -0.65 1.15 -0.16
107.49 7.88 17.21 0.97 -0.74 1.34 -0.15
107.54 7.84 17.28 0.96 -0.83 1.52 -0.13
107.59 7.79 17.36 0.96 -0.90 1.69 -0.11
107.64 7.75 17.45 0.95 -0.97 1.84 -0.08
107.69 7.70 17.55 0.95 -1.02 1.97 -0.05
107.74 7.64 17.65 0.95 -1.08 2.10 -0.03
107.79 7.59 17.76 0.95 -1.12 2.21 -0.00
107.84 7.53 17.87 0.95 -1.16 2.30 0.02
107.89 7.47 17.99 0.95 -1.18 2.36 0.05
107.94 7.41 18.11 0.95 -1.18 2.39 0.06
107.99 7.36 18.23 0.95 -1.17 2.38 0.08
108.04 7.30 18.34 0.96 -1.14 2.35 0.09
108.09 7.24 18.46 0.96 -1.11 2.29 0.09
108.14 7.19 18.57 0.97 -1.06 2.21 0.08
108.19 7.14 18.68 0.97 -1.01 2.11 0.07
108.24 7.09 18.78 0.97 -0.95 1.99 0.06
108.29 7.04 18.88 0.98 -0.88 1.87 0.04
108.34 7.00 18.97 0.98 -0.81 1.73 0.03
108.39 6.96 19.05 0.98 -0.74 1.59 0.01
108.44 6.93 19.13 0.98 -0.66 1.44 -0.00
108.49 6.89 19.20 0.98 -0.58 1.28 -0.01
108.54 6.87 19.26 0.98 -0.51 1.12 -0.02
108.59 6.84 19.31 0.98 -0.43 0.97 -0.03
108.64 6.82 19.35 0.98 -0.35 0.81 -0.03
108.69 6.81 19.39 0.97 -0.28 0.65 -0.03
108.74 6.80 19.42 0.97 -0.21 0.50 -0.03
108.79 6.79 19.44 0.97 -0.14 0.36 -0.02
108.84 6.78 19.45 0.97 -0.07 0.22 -0.02
108.89 6.78 19.46 0.97 -0.01 0.09 -0.01
108.94 6.78 19.46 0.97 0.04 -0.03 -0.00
108.99 6.79 19.46 0.97 0.10 -0.14 0.01
109.04 6.79 19.45 0.97 0.14 -0.24 0.02
109.09 6.80 19.43 0.97 0.18 -0.33 0.03
109.14 6.81 19.42 0.97 0.22 -0.41 0.04
109.19 6.82 19.39 0.98 0.25 -0.47 0.04
109.24 6.83 19.37 0.98 0.27 -0.53 0.05
109.29 6.85 19.34 0.98 0.29 -0.58 0.06
109.34 6.86 19.31 0.98 0.31 -0.61 0.06
109.39 6.88 19.28 0.99 0.32 -0.64 0.06
109.44 6.89 19.25 0.99 0.32 -0.65 0.06
109.49 6.91 19.21 0.99 0.32 -0.66 0.06
109.54 6.93 19.18 1.00 0.32 -0.66 0.06
109.59 6.94 19.15 1.00 0.31 -0.65 0.05
109.64 6.96 19.12 1.00 0.31 -0.64 0.05
109.69 6.97 19.08 1.00 0.29 -0.62 0.05
109.74 6.99 19.05 1.01 0.28 -0.59 0.04
109.79 7.00 19.03 1.01 0.26 -0.56 0.03
109.84 7.01 19.00 1.01 0.25 -0.53 0.03
109.89 7.03 18.97 1.01 0.23 -0.49 0.02
109.94 7.04 18.95 1.01 0.21 -0.45 0.02
109.99 7.05 18.93 1.01 0.19 -0.41 0.01
110.04 7.06 18.91 1.01 0.17 -0.37 0.01
110.09 7.06 18.89 1.01 0.14 -0.32 0.01
110.14 7.07 18.88 1.01 0.12 -0.28 0.00
110.19 7.08 18.86 1.01 0.10 -0.24 0.00
110.24 7.08 18.85 1.01 0.08 -0.19 -0.00
110.29 7.08 18.84 1.01 0.06 -0.15 -0.00
110.34 7.09 18.84 1.01 0.04 -0.11 -0.00
110.39 7.09 18.83 1.01 0.02 -0.07 -0.00
110.44 7.09 18.83 1.01 0.00 -0.03 -0.00
110.49 7.09 18.83 1.01 -0.01 0.00 -0.00
110.54 7.09 18.83 1.01 -0.03 0.04 -0.00
110.59 7.08 18.83 1.01 -0.04 0.06 -0.00
110.64 7.08 18.84 1.01 -0.05 0.09 -0.00
110.69 7.08 18.84 1.01 -0.06 0.11 -0.00
110.74 7.08 18.85 1.01 -0.07 0.14 -0.00
110.79 7.07 18.86 1.01 -0.08 0.15 -0.00
110.84 7.07 18.86 1.01 -0.09 0.17 0.00
110.89 7.06 18.87 1.01 -0.09 0.18 0.00
110.94 7.06 18.88 1.01 -0.10 0.19 0.00
110.99 7.05 18.89 1.01 -0.10 0.19 0.00
111.04 7.05 18.90 1.01 -0.10 0.20 0.00
111.09 7.04 18.91 1.01 -0.10 0.20 0.00
111.14 7.04 18.92 1.01 -0.10 0.20 0.00
111.19 7.03 18.93 1.01 -0.10 0.20 0.00
111.24 7.03 18.94 1.01 -0.09 0.19 0.00
111.29 7.02 18.95 1.01 -0.09 0.19 0.00
111.34 7.02 18.96 1.01 -0.09 0.18 0.00
111.39 7.02 18.97 1.01 -0.08 0.17 -0.00
111.44 7.01 18.98 1.01 -0.08 0.16 -0.00
111.49 7.01 18.98 1.01 -0.07 0.15 -0.00
111.54 7.01 18.99 1.01 -0.06 0.14 -0.00
111.59 7.00 19.00 1.01 -0.06 0.12 -0.00
111.64 7.00 19.00 1.01 -0.05 0.11 -0.00
111.69 7.00 19.01 1.01 -0.05 0.10 -0.00
111.74 6.99 19.01 1.01 -0.04 0.09 -0.00
111.79 6.99 19.02 1.01 -0.03 0.07 -0.00
111.84 6.99 19.02 1.01 -0.03 0.06 -0.00
111.89 6.99 19.02 1.01 -0.02 0.05 -0.00
111.94 6.99 19.03 1.01 -0.02 0.04 -0.00
111.99 6.99 19.03 1.01 -0.01 0.03 -0.00
112.04 6.99 19.03 1.01 -0.01 0.02 -0.00
112.09 6.99 19.03 1.01 -0.00 0.01 -0.00
112.14 6.99 19.03 1.01 0.00 -0.00 -0.00
112.19 6.99 19.03 1.01 0.01 -0.01 -0.00
112.24 6.99 19.03 1.01 0.01 -0.02 -0.00
112.29 6.99 19.03 1.01 0.01 -0.02 -0.00
112.34 6.99 19.03 1.01 0.02 -0.03 -0.00
112.39 6.99 19.02 1.01 0.02 -0.04 -0.00
112.44 6.99 19.02 1.01 0.02 -0.04 -0.00
112.49 6.99 19.02 1.01 0.02 -0.04 -0.00
112.54 6.99 19.02 1.01 0.02 -0.05 -0.00
112.59 6.99 19.02 1.01 0.02 -0.05 -0.00
112.64 7.00 19.01 1.01 0.02 -0.05 -0.00
112.69 7.00 19.01 1.01 0.02 -0.05 -0.00
112.74 7.00 19.01 1.01 0.02 -0.05 -0.00
112.79 7.00 19.01 1.01 0.02 -0.05 -0.00
112.84 7.00 19.00 1.01 0.02 -0.05 -0.00
112.89 7.00 19.00 1.01 0.02 -0.05 -0.00
112.94 7.00 19.00 1.01 0.02 -0.04 -0.00
112.99 7.00 19.00 1.01 0.02 -0.04 -0.00
113.04 7.00 18.99 1.01 0.02 -0.04 -0.00
113.09 7.01 18.99 1.01 0.02 -0.04 -0.00
113.14 7.01 18.99 1.01 0.01 -0.03 -0.00
113.19 7.01 18.99 1.01 0.01 -0.03 -0.00
113.24 7.01 18.99 1.01 0.01 -0.03 -0.00
113.29 7.01 18.99 1.01 0.01 -0.02 -0.00
113.34 7.01 18.99 1.01 0.01 -0.02 -0.00
113.39 7.01 18.98 1.01 0.01 -0.02 -0.00
113.44 7.01 18.98 1.01 0.00 -0.01 -0.00
113.49 7.01 18.98 1.01 0.00 -0.01 -0.00
113.54 7.01 18.98 1.01 0.00 -0.01 -0.00
113.59 7.01 18.98 1.01 0.00 -0.00 -0.00
113.64 7.01 18.98 1.01 -0.00 0.00 -0.00
113.69 7.01 18.98 1.01 -0.00 0.00 -0.00
113.74 7.01 18.98 1.01 -0.00 0.01 -0.00
113.79 7.01 18.98 1.01 -0.00 0.01 -0.00
113.84 7.01 18.98 1.01 -0.01 0.01 -0.00
113.89 7.01 18.98 1.01 -0.01 0.01 -0.00
113.94 7.01 18.99 1.01 -0.01 0.01 -0.00
113.99 7.01 18.99 1.01 -0.01 0.01 -0.00
114.04 7.01 18.99 1.01 -0.01 0.01 -0.00
114.09 7.01 18.99 1.01 -0.01 0.02 -0.00
114.14 7.01 18.99 1.01 -0.01 0.02 -0.00
114.19 7.01 18.99 1.01 -0.01 0.02 -0.00
114.24 7.01 18.99 1.01 -0.01 0.02 -0.00
114.29 7.01 18.99 1.01 -0.01 0.02 -0.00
114.34 7.00 18.99 1.01 -0.01 0.02 -0.00
114.39 7.00 18.99 1.01 -0.01 0.02 -0.00
114.44 7.00 18.99 1.01 -0.01 0.02 -0.00
114.49 7.00 18.99 1.01 -0.01 0.02 -0.00
114.54 7.00 18.99 1.01 -0.01 0.01 -0.00
114.59 7.00 19.00 1.01 -0.01 0.01 -0.00
114.64 7.00 19.00 1.01 -0.01 0.01 -0.00
114.69 7.00 19.00 1.01 -0.01 0.01 -0.00
114.74 7.00 19.00 1.01 -0.01 0.01 -0.00
114.79 7.00 19.00 1.01 -0.01 0.01 -0.00
114.84 7.00 19.00 1.01 -0.00 0.01 -0.00
114.89 7.00 19.00 1.01 -0.00 0.01 -0.00
114.94 7.00 19.00 1.01 -0.00 0.01 -0.00
114.99 7.00 19.00 1.01 -0.00 0.01 -0.00
115.04 7.00 19.00 1.01 -0.00 0.01 -0.00
115.09 7.00 19.00 1.01 -0.00 0.00 -0.00
115.14 7.00 19.00 1.01 -0.00 0.00 -0.00
115.19 7.00 19.00 1.01 -0.00 0.00 -0.00
115.24 7.00 19.00 1.01 -0.00 0.00 -0.00
115.29 7.00 19.00 1.01 -0.00 0.00 -0.00
115.34 7.00 19.00 1.01 -0.00 0.00 -0.00
115.39 7.00 19.00 1.01 0.00 -0.00 -0.00
115.44 7.00 19.00 1.01 0.00 -0.00 -0.00
115.49 7.00 19.00 1.01 0.00 -0.00 -0.00
115.54 7.00 19.00 1.01 0.00 -0.00 -0.00
115.59 7.00 19.00 1.01 0.00 -0.00 -0.00
115.64 7.00 19.00 1.01 0.00 -0.00 -0.00
115.69 7.00 19.00 1.01 0.00 -0.00 -0.00
115.74 7.00 19.00 1.01 0.00 -0.00 -0.00
115.79 7.00 19.00 1.01 0.00 -0.00 -0.00
115.84 7.00 19.00 1.01 0.00 -0.00 -0.00
115.89 7.00 19.00 1.01 0.00 -0.00 -0.00
115.94 7.00 19.00 1.01 0.00 -0.00 -0.00
115.99 7.00 19.00 1.01 0.00 -0.00 -0.00
116.04 7.00 19.00 1.01 0.00 -0.00 -0.00
116.09 7.00 19.00 1.01 0.00 -0.00 -0.00
116.14 7.00 19.00 1.01 0.00 -0.00 -0.00
116.19 7.00 19.00 1.01 0.00 -0.00 -0.00
116.24 7.00 19.00 1.00 0.00 -0.00 -0.00
116.29 7.00 19.00 1.00 0.00 -0.00 -0.00
116.34 7.00 19.00 1.00 0.00 -0.00 -0.00
116.39 7.00 19.00 1.00 0.00 -0.00 -0.00
116.44 7.00 19.00 1.00 0.00 -0.00 -0.00
116.49 7.00 19.00 1.00 0.00 -0.00 -0.00
116.54 7.00 19.00 1.00 0.00 -0.00 -0.00
116.59 7.00 19.00 1.00 0.00 -0.00 -0.00
116.64 7.00 19.00 1.00 0.00 -0.00 -0.00
116.69 7.00 19.00 1.00 -0.00 -0.00 -0.00

