61.75	0.00	-0.00	1.00
61.75	4.00	5.00	1.00
61.77 0.00 -0.00 1.00 0.00 0.00 0.00
61.82 0.00 0.00 1.00 0.01 0.01 -0.00
61.87 0.00 0.00 1.00 0.13 0.14 -0.03
61.92 0.01 0.02 0.99 0.31 0.33 -0.10
61.97 0.03 0.04 0.99 0.49 0.55 -0.15
62.02 0.06 0.07 0.98 0.66 0.75 -0.17
62.07 0.10 0.11 0.97 0.82 0.95 -0.18
62.12 0.15 0.16 0.96 0.97 1.13 -0.18
62.17 0.20 0.23 0.95 1.09 1.30 -0.17
62.22 0.25 0.29 0.95 1.21 1.45 -0.15
62.27 0.32 0.37 0.94 1.31 1.58 -0.13
62.32 0.39 0.45 0.93 1.40 1.70 -0.10
62.37 0.46 0.54 0.93 1.48 1.80 -0.08
62.42 0.53 0.63 0.92 1.55 1.90 -0.06
62.47 0.61 0.73 0.92 1.61 1.99 -0.05
62.52 0.69 0.83 0.92 1.67 2.07 -0.03
62.57 0.78 0.94 0.92 1.72 2.14 -0.01
62.62 0.87 1.05 0.92 1.77 2.20 -0.00
62.67 0.96 1.16 0.92 1.81 2.26 0.01
62.72 1.05 1.27 0.92 1.85 2.31 0.02
62.77 1.14 1.39 0.92 1.89 2.36 0.03
62.82 1.24 1.51 0.92 1.92 2.40 0.04
62.87 1.33 1.63 0.92 1.94 2.44 0.04
62.92 1.43 1.75 0.93 1.97 2.48 0.05
62.97 1.53 1.88 0.93 1.99 2.51 0.05
63.02 1.63 2.00 0.93 2.01 2.54 0.06
63.07 1.73 2.13 0.93 2.03 2.56 0.06
63.12 1.83 2.26 0.94 2.04 2.58 0.06
63.17 1.94 2.39 0.94 2.06 2.60 0.06
63.22 2.04 2.52 0.94 2.07 2.62 0.07
63.27 2.14 2.65 0.95 2.08 2.63 0.07
63.32 2.25 2.78 0.95 2.09 2.65 0.07
63.37 2.35 2.91 0.95 2.09 2.66 0.07
63.42 2.46 3.05 0.96 2.10 2.66 0.07
63.47 2.56 3.18 0.96 2.10 2.67 0.07
63.52 2.67 3.31 0.96 2.11 2.68 0.07
63.57 2.77 3.45 0.97 2.11 2.68 0.07
63.62 2.88 3.58 0.97 2.11 2.69 0.07
63.67 2.98 3.72 0.97 2.11 2.69 0.07
63.72 3.09 3.85 0.98 2.12 2.69 0.07
63.77 3.19 3.99 0.98 2.12 2.69 0.06
63.82 3.30 4.12 0.98 2.10 2.67 0.06
63.87 3.40 4.25 0.99 2.07 2.63 0.06
63.92 3.51 4.38 0.99 2.01 2.56 0.04
63.97 3.60 4.51 0.99 1.94 2.46 0.03
64.02 3.70 4.63 0.99 1.85 2.34 0.01
64.07 3.79 4.74 0.99 1.74 2.21 -0.02
64.12 3.87 4.85 0.99 1.62 2.06 -0.04
64.17 3.95 4.95 0.99 1.49 1.89 -0.06
64.22 4.02 5.04 0.98 1.36 1.72 -0.08
64.27 4.09 5.12 0.98 1.22 1.54 -0.10
64.32 4.14 5.19 0.98 1.07 1.36 -0.11
64.37 4.19 5.25 0.97 0.93 1.17 -0.11
64.42 4.24 5.31 0.96 0.78 0.99 -0.11
64.47 4.27 5.35 0.96 0.64 0.81 -0.10
64.52 4.30 5.39 0.95 0.50 0.63 -0.10
64.57 4.32 5.42 0.95 0.37 0.46 -0.08
64.62 4.34 5.43 0.95 0.24 0.29 -0.07
64.67 4.35 5.45 0.94 0.12 0.14 -0.05
64.72 4.35 5.45 0.94 0.00 -0.00 -0.03
64.77 4.35 5.45 0.94 -0.10 -0.13 -0.01
64.82 4.34 5.44 0.94 -0.19 -0.25 0.01
64.87 4.33 5.42 0.94 -0.27 -0.35 0.03
64.92 4.31 5.40 0.94 -0.35 -0.45 0.05
64.97 4.29 5.38 0.95 -0.41 -0.52 0.07
65.02 4.27 5.35 0.95 -0.46 -0.59 0.08
65.07 4.25 5.32 0.95 -0.50 -0.64 0.09
65.12 4.22 5.28 0.96 -0.53 -0.68 0.10
65.17 4.19 5.25 0.96 -0.55 -0.71 0.10
65.22 4.17 5.21 0.97 -0.57 -0.73 0.10
65.27 4.14 5.18 0.97 -0.58 -0.73 0.10
65.32 4.11 5.14 0.98 -0.58 -0.73 0.10
65.37 4.08 5.10 0.98 -0.57 -0.72 0.10
65.42 4.05 5.07 0.99 -0.55 -0.71 0.09
65.47 4.02 5.03 0.99 -0.54 -0.68 0.08
65.52 4.00 5.00 1.00 -0.51 -0.65 0.07
65.57 3.97 4.97 1.00 -0.49 -0.62 0.06
65.62 3.95 4.94 1.00 -0.46 -0.58 0.05
65.67 3.93 4.91 1.01 -0.42 -0.54 0.05
65.72 3.91 4.88 1.01 -0.39 -0.49 0.04
65.77 3.89 4.86 1.01 -0.35 -0.44 0.03
65.82 3.87 4.84 1.01 -0.31 -0.39 0.02
65.87 3.86 4.82 1.01 -0.27 -0.34 0.02
65.92 3.85 4.81 1.01 -0.23 -0.29 0.01
65.97 3.83 4.79 1.01 -0.19 -0.24 0.01
66.02 3.83 4.78 1.01 -0.15 -0.19 0.00
66.07 3.82 4.77 1.01 -0.11 -0.14 -0.00
66.12 3.81 4.77 1.01 -0.08 -0.10 -0.00
66.17 3.81 4.76 1.01 -0.04 -0.05 -0.00
66.22 3.81 4.76 1.01 -0.01 -0.01 -0.00
66.27 3.81 4.76 1.01 0.02 0.03 -0.00
66.32 3.81 4.76 1.01 0.05 0.07 -0.00
66.37 3.82 4.77 1.01 0.08 0.10 -0.00
66.42 3.82 4.77 1.01 0.10 0.13 -0.00
66.47 3.83 4.78 1.01 0.12 0.16 -0.00
66.52 3.83 4.79 1.01 0.14 0.18 0.00
66.57 3.84 4.80 1.01 0.15 0.20 0.00
66.62 3.85 4.81 1.01 0.17 0.21 0.00
66.67 3.86 4.82 1.01 0.18 0.23 0.00
66.72 3.87 4.83 1.01 0.19 0.24 0.00
66.77 3.88 4.84 1.01 0.19 0.24 0.00
66.82 3.88 4.86 1.01 0.19 0.25 0.00
66.87 3.89 4.87 1.01 0.19 0.25 0.00
66.92 3.90 4.88 1.01 0.19 0.25 0.00
66.97 3.91 4.89 1.01 0.19 0.24 0.00
67.02 3.92 4.91 1.01 0.19 0.24 0.00
67.07 3.93 4.92 1.01 0.18 0.23 0.00
67.12 3.94 4.93 1.01 0.17 0.22 0.00
67.17 3.95 4.94 1.01 0.16 0.21 0.00
67.22 3.96 4.95 1.01 0.15 0.19 0.00
67.27 3.96 4.96 1.01 0.14 0.18 0.00
67.32 3.97 4.97 1.01 0.13 0.17 -0.00
67.37 3.98 4.97 1.01 0.12 0.15 -0.00
67.42 3.98 4.98 1.01 0.11 0.14 -0.00
67.47 3.99 4.99 1.01 0.10 0.12 -0.00
67.52 3.99 4.99 1.01 0.09 0.11 -0.00
67.57 4.00 5.00 1.01 0.07 0.09 -0.00
67.62 4.00 5.00 1.01 0.06 0.08 -0.00
67.67 4.00 5.01 1.01 0.05 0.06 -0.00
67.72 4.01 5.01 1.01 0.04 0.05 -0.00
67.77 4.01 5.01 1.01 0.03 0.04 -0.00
67.82 4.01 5.01 1.01 0.02 0.03 -0.00
67.87 4.01 5.02 1.01 0.01 0.01 -0.00
67.92 4.01 5.02 1.01 0.00 0.00 -0.00
67.97 4.01 5.02 1.01 -0.00 -0.01 -0.00
68.02 4.01 5.01 1.01 -0.01 -0.01 -0.00
68.07 4.01 5.01 1.01 -0.02 -0.02 -0.00
68.12 4.01 5.01 1.01 -0.02 -0.03 -0.00
68.17 4.01 5.01 1.01 -0.03 -0.04 -0.00
68.22 4.01 5.01 1.01 -0.03 -0.04 -0.00
68.27 4.00 5.01 1.01 -0.03 -0.04 -0.00
68.32 4.00 5.00 1.01 -0.04 -0.05 -0.00
68.37 4.00 5.00 1.01 -0.04 -0.05 -0.00
68.42 4.00 5.00 1.01 -0.04 -0.05 -0.00
68.47 4.00 5.00 1.01 -0.04 -0.05 -0.00
68.52 4.00 4.99 1.01 -0.04 -0.05 -0.00
68.57 3.99 4.99 1.01 -0.04 -0.05 -0.00
68.62 3.99 4.99 1.01 -0.04 -0.05 -0.00
68.67 3.99 4.99 1.01 -0.04 -0.05 -0.00
68.72 3.99 4.99 1.01 -0.03 -0.04 -0.00
68.77 3.99 4.98 1.01 -0.03 -0.04 -0.00
68.82 3.98 4.98 1.01 -0.03 -0.04 -0.00
68.87 3.98 4.98 1.01 -0.03 -0.04 -0.00
68.92 3.98 4.98 1.01 -0.02 -0.03 -0.00
68.97 3.98 4.98 1.01 -0.02 -0.03 -0.00
69.02 3.98 4.97 1.01 -0.02 -0.02 -0.00
69.07 3.98 4.97 1.01 -0.02 -0.02 -0.00
69.12 3.98 4.97 1.01 -0.01 -0.02 -0.00
69.17 3.98 4.97 1.01 -0.01 -0.01 -0.00
69.22 3.98 4.97 1.01 -0.01 -0.01 -0.00
69.27 3.98 4.97 1.01 -0.00 -0.01 -0.00
69.32 3.98 4.97 1.01 -0.00 -0.00 -0.00
69.37 3.98 4.97 1.01 0.00 0.00 -0.00
69.42 3.98 4.97 1.01 0.00 0.00 -0.00
69.47 3.98 4.97 1.01 0.01 0.01 -0.00
69.52 3.98 4.97 1.01 0.01 0.01 -0.00
69.57 3.98 4.97 1.01 0.01 0.01 -0.00
69.62 3.98 4.97 1.01 0.01 0.01 -0.00
69.67 3.98 4.97 1.01 0.01 0.02 -0.00
69.72 3.98 4.97 1.01 0.01 0.02 -0.00
69.77 3.98 4.98 1.01 0.02 0.02 -0.00
69.82 3.98 4.98 1.01 0.02 0.02 -0.00
69.87 3.98 4.98 1.01 0.02 0.02 -0.00
69.92 3.98 4.98 1.01 0.02 0.02 -0.00
69.97 3.98 4.98 1.01 0.02 0.02 -0.00
70.02 3.98 4.98 1.01 0.02 0.02 -0.00
70.07 3.99 4.98 1.01 0.02 0.02 -0.00
70.12 3.99 4.98 1.01 0.02 0.02 -0.00
70.17 3.99 4.98 1.01 0.02 0.02 -0.00
70.22 3.99 4.99 1.01 0.02 0.02 -0.00
70.27 3.99 4.99 1.01 0.02 0.02 -0.00
70.32 3.99 4.99 1.01 0.02 0.02 -0.00
70.37 3.99 4.99 1.01 0.02 0.02 -0.00
70.42 3.99 4.99 1.01 0.01 0.02 -0.00
70.47 3.99 4.99 1.01 0.01 0.02 -0.00
70.52 3.99 4.99 1.01 0.01 0.02 -0.00
70.57 3.99 4.99 1.01 0.01 0.01 -0.00
70.62 3.99 4.99 1.01 0.01 0.01 -0.00
70.67 3.99 4.99 1.01 0.01 0.01 -0.00
70.72 3.99 4.99 1.01 0.01 0.01 -0.00
70.77 4.00 4.99 1.01 0.01 0.01 -0.00
70.82 4.00 5.00 1.01 0.01 0.01 -0.00
70.87 4.00 5.00 1.01 0.01 0.01 -0.00
70.92 4.00 5.00 1.01 0.00 0.01 -0.00
70.97 4.00 5.00 1.01 0.00 0.01 -0.00
71.02 4.00 5.00 1.01 0.00 0.00 -0.00
71.07 4.00 5.00 1.01 0.00 0.00 -0.00
71.12 4.00 5.00 1.01 0.00 0.00 -0.00
71.17 4.00 5.00 1.01 0.00 0.00 -0.00
71.22 4.00 5.00 1.01 0.00 0.00 -0.00
71.27 4.00 5.00 1.01 0.00 0.00 -0.00
71.32 4.00 5.00 1.01 -0.00 -0.00 -0.00
71.37 4.00 5.00 1.01 -0.00 -0.00 -0.00
71.42 4.00 5.00 1.01 -0.00 -0.00 -0.00
71.47 4.00 5.00 1.01 -0.00 -0.00 -0.00
71.52 4.00 5.00 1.01 -0.00 -0.00 -0.00
71.57 4.00 5.00 1.01 -0.00 -0.00 -0.00
71.62 4.00 5.00 1.01 -0.00 -0.00 -0.00
71.67 4.00 5.00 1.01 -0.00 -0.00 -0.00
71.72 4.00 5.00 1.01 -0.00 -0.00 -0.00
71.77 4.00 5.00 1.01 -0.00 -0.00 -0.00
71.82 4.00 5.00 1.01 -0.00 -0.00 -0.00
71.87 4.00 5.00 1.01 -0.00 -0.00 -0.00
71.92 4.00 5.00 1.01 -0.00 -0.00 -0.00
71.97 4.00 5.00 1.01 -0.00 -0.00 -0.00
72.02 4.00 5.00 1.01 -0.00 -0.00 -0.00
72.07 4.00 5.00 1.01 -0.00 -0.00 -0.00
72.12 4.00 5.00 1.01 -0.00 -0.00 -0.00
72.17 4.00 5.00 1.01 -0.00 -0.00 -0.00
72.22 4.00 5.00 1.01 -0.00 -0.00 -0.00
72.27 4.00 5.00 1.01 -0.00 -0.00 -0.00
72.32 4.00 5.00 1.01 0.00 0.00 -0.00
72.37 4.00 5.00 1.01 0.00 0.00 -0.00
72.42 4.00 5.00 1.01 0.00 0.00 -0.00
72.47 4.00 5.00 1.00 0.00 0.00 -0.00
72.52 4.00 5.00 1.00 0.00 0.00 -0.00
72.57 4.00 5.00 1.00 0.00 0.00 -0.00
72.62 4.00 5.00 1.00 0.00 0.00 -0.00
72.67 4.00 5.00 1.00 0.00 0.00 -0.00
72.72 4.00 5.00 1.00 0.00 0.00 -0.00
72.77 4.00 5.00 1.00 0.00 0.00 -0.00
72.82 4.00 5.00 1.00 0.00 0.00 -0.00
72.87 4.00 5.00 1.00 0.00 0.00 -0.00
72.92 4.00 5.00 1.00 0.00 0.00 -0.00
72.97 4.00 5.00 1.00 0.00 0.00 -0.00
73.02 4.00 5.00 1.00 0.00 0.00 -0.00
73.07 4.00 5.00 1.00 0.00 0.00 -0.00
73.12 4.00 5.00 1.00 0.00 0.00 -0.00
73.17 4.00 5.00 1.00 0.00 0.00 -0.00
73.22 4.00 5.00 1.00 0.00 0.00 -0.00
73.27 4.00 5.00 1.00 0.00 0.00 -0.00
73.32 4.00 5.00 1.00 0.00 0.00 -0.00
73.37 4.00 5.00 1.00 0.00 0.00 -0.00
73.42 4.00 5.00 1.00 0.00 0.00 -0.00
73.47 4.00 5.00 1.00 0.00 0.00 -0.00
73.52 4.00 5.00 1.00 0.00 0.00 -0.00
73.57 4.00 5.00 1.00 0.00 0.00 -0.00
73.62 4.00 5.00 1.00 0.00 0.00 -0.00
73.67 4.00 5.00 1.00 0.00 0.00 -0.00
73.72 4.00 5.00 1.00 0.00 0.00 -0.00
73.77 4.00 5.00 1.00 0.00 0.00 -0.00
73.82 4.00 5.00 1.00 0.00 0.00 -0.00
73.87 4.00 5.00 1.00 0.00 0.00 -0.00
73.92 4.00 5.00 1.00 0.00 0.00 -0.00
73.97 4.00 5.00 1.00 0.00 0.00 -0.00
74.02 4.00 5.00 1.00 0.00 0.00 -0.00
74.07 4.00 5.00 1.00 0.00 0.00 -0.00
74.12 4.00 5.00 1.00 0.00 0.00 -0.00
74.17 4.00 5.00 1.00 0.00 0.00 -0.00
74.22 4.00 5.00 1.00 0.00 0.00 -0.00
74.27 4.00 5.00 1.00 0.00 0.00 -0.00
74.32 4.00 5.00 1.00 0.00 0.00 -0.00
74.37 4.00 5.00 1.00 0.00 0.00 -0.00
74.42 4.00 5.00 1.00 0.00 0.00 -0.00

74.60	4.00	5.00	1.00
74.60	4.00	9.00	1.00
74.66 4.00 5.00 1.00 0.00 0.01 -0.00
74.71 4.00 5.00 1.00 0.00 0.15 -0.02
74.76 4.00 5.01 1.00 0.00 0.36 -0.06
74.81 4.00 5.04 1.00 -0.00 0.60 -0.10
74.86 4.00 5.08 0.99 -0.00 0.84 -0.13
74.91 4.00 5.12 0.98 -0.00 1.08 -0.14
74.96 4.00 5.18 0.98 -0.00 1.30 -0.14
75.01 4.00 5.25 0.97 -0.00 1.51 -0.14
75.06 4.00 5.33 0.96 -0.00 1.70 -0.13
75.11 4.00 5.42 0.96 -0.00 1.88 -0.11
75.16 4.00 5.52 0.95 -0.00 2.05 -0.10
75.21 4.00 5.63 0.95 -0.00 2.20 -0.08
75.26 4.00 5.74 0.94 -0.00 2.33 -0.06
75.31 4.00 5.86 0.94 -0.00 2.46 -0.04
75.36 4.00 5.99 0.94 -0.00 2.57 -0.02
75.41 4.00 6.12 0.94 -0.00 2.67 -0.01
75.46 4.00 6.25 0.94 -0.00 2.76 0.01
75.51 4.00 6.39 0.94 -0.00 2.84 0.02
75.56 4.00 6.54 0.94 -0.00 2.92 0.03
75.61 4.00 6.69 0.94 -0.00 2.99 0.04
75.66 4.00 6.84 0.95 -0.00 3.05 0.05
75.71 4.00 6.99 0.95 -0.00 3.10 0.06
75.76 4.00 7.15 0.95 -0.00 3.15 0.07
75.81 4.00 7.31 0.96 0.00 3.20 0.08
75.86 4.00 7.47 0.96 0.00 3.24 0.08
75.91 4.00 7.63 0.96 0.00 3.27 0.09
75.96 4.00 7.79 0.97 0.00 3.29 0.09
76.01 4.00 7.96 0.97 0.00 3.28 0.09
76.06 4.00 8.12 0.98 0.00 3.24 0.08
76.11 4.00 8.28 0.98 0.00 3.15 0.07
76.16 4.00 8.44 0.98 0.00 3.04 0.06
76.21 4.00 8.59 0.99 0.00 2.90 0.04
76.26 4.00 8.73 0.99 0.00 2.73 0.01
76.31 4.00 8.86 0.99 0.00 2.55 -0.01
76.36 4.00 8.98 0.99 0.00 2.35 -0.03
76.41 4.00 9.09 0.98 0.00 2.15 -0.05
76.46 4.00 9.19 0.98 0.00 1.93 -0.07
76.51 4.00 9.29 0.98 0.00 1.71 -0.08
76.56 4.00 9.37 0.97 0.00 1.48 -0.09
76.61 4.00 9.43 0.97 0.00 1.26 -0.09
76.66 4.00 9.49 0.96 0.00 1.03 -0.09
76.71 4.00 9.54 0.96 0.00 0.81 -0.08
76.76 4.00 9.57 0.96 0.00 0.60 -0.07
76.81 4.00 9.60 0.95 0.00 0.40 -0.06
76.86 4.00 9.61 0.95 0.00 0.21 -0.04
76.91 4.00 9.62 0.95 0.00 0.03 -0.03
76.96 4.00 9.61 0.95 0.00 -0.13 -0.01
77.01 4.00 9.60 0.95 0.00 -0.28 0.01
77.06 4.00 9.59 0.95 0.00 -0.42 0.03
77.11 4.00 9.56 0.95 0.00 -0.53 0.04
77.16 4.00 9.53 0.95 0.00 -0.64 0.06
77.21 4.00 9.50 0.96 0.00 -0.72 0.07
77.26 4.00 9.46 0.96 0.00 -0.79 0.08
77.31 4.00 9.42 0.96 0.00 -0.84 0.09
77.36 4.00 9.38 0.97 0.00 -0.88 0.09
77.41 4.00 9.33 0.97 0.00 -0.91 0.10
77.46 4.00 9.29 0.98 0.00 -0.92 0.10
77.51 4.00 9.24 0.98 0.00 -0.93 0.09
77.56 4.00 9.19 0.99 0.00 -0.92 0.09
77.61 4.00 9.15 0.99 0.00 -0.90 0.08
77.66 4.00 9.10 1.00 -0.00 -0.87 0.08
77.71 4.00 9.06 1.00 -0.00 -0.84 0.07
77.76 4.00 9.02 1.00 -0.00 -0.80 0.06
77.81 4.00 8.98 1.01 -0.00 -0.75 0.05
77.86 4.00 8.94 1.01 -0.00 -0.70 0.04
77.91 4.00 8.91 1.01 -0.00 -0.65 0.04
77.96 4.00 8.88 1.01 -0.00 -0.59 0.03
78.01 4.00 8.85 1.01 -0.00 -0.53 0.02
78.06 4.00 8.83 1.01 -0.00 -0.46 0.01
78.11 4.00 8.81 1.01 -0.00 -0.40 0.01
78.16 4.00 8.79 1.01 -0.00 -0.34 0.01
78.21 4.00 8.77 1.01 -0.00 -0.28 0.00
78.26 4.00 8.76 1.01 -0.00 -0.22 -0.00
78.31 4.00 8.75 1.01 -0.00 -0.16 -0.00
78.36 4.00 8.74 1.01 -0.00 -0.10 -0.00
78.41 4.00 8.74 1.01 -0.00 -0.05 -0.00
78.46 4.00 8.74 1.01 -0.00 0.00 -0.00
78.51 4.00 8.74 1.01 -0.00 0.05 -0.00
78.56 4.00 8.74 1.01 -0.00 0.09 -0.00
78.61 4.00 8.75 1.01 -0.00 0.13 -0.00
78.66 4.00 8.76 1.01 -0.00 0.16 -0.00
78.71 4.00 8.77 1.01 -0.00 0.19 -0.00
78.76 4.00 8.78 1.01 -0.00 0.22 0.00
78.81 4.00 8.79 1.01 0.00 0.24 0.00
78.86 4.00 8.80 1.01 0.00 0.26 0.00
78.91 4.00 8.81 1.01 0.00 0.27 0.00
78.96 4.00 8.83 1.01 0.00 0.28 0.00
79.01 4.00 8.84 1.01 0.00 0.29 0.00
79.06 4.00 8.86 1.01 0.00 0.29 0.00
79.11 4.00 8.87 1.01 0.00 0.29 0.00
79.16 4.00 8.89 1.01 0.00 0.29 0.00
79.21 4.00 8.90 1.01 0.00 0.28 0.00
79.26 4.00 8.91 1.01 0.00 0.27 0.00
79.31 4.00 8.93 1.01 0.00 0.26 0.00
79.36 4.00 8.94 1.01 0.00 0.25 0.00
79.41 4.00 8.95 1.01 0.00 0.24 0.00
79.46 4.00 8.96 1.01 0.00 0.22 -0.00
79.51 4.00 8.97 1.01 0.00 0.20 -0.00
79.56 4.00 8.98 1.01 0.00 0.19 -0.00
79.61 4.00 8.99 1.01 0.00 0.17 -0.00
79.66 4.00 9.00 1.01 0.00 0.15 -0.00
79.71 4.00 9.01 1.01 0.00 0.13 -0.00
79.76 4.00 9.01 1.01 0.00 0.11 -0.00
79.81 4.00 9.02 1.01 0.00 0.10 -0.00
79.86 4.00 9.02 1.01 0.00 0.08 -0.00
79.91 4.00 9.03 1.01 0.00 0.06 -0.00
79.96 4.00 9.03 1.01 0.00 0.05 -0.00
80.01 4.00 9.03 1.01 0.00 0.03 -0.00
80.06 4.00 9.03 1.01 0.00 0.02 -0.00
80.11 4.00 9.03 1.01 0.00 0.00 -0.00
80.16 4.00 9.03 1.01 0.00 -0.01 -0.00
80.21 4.00 9.03 1.01 0.00 -0.02 -0.00
80.26 4.00 9.03 1.01 0.00 -0.03 -0.00
80.31 4.00 9.03 1.01 0.00 -0.04 -0.00
80.36 4.00 9.03 1.01 0.00 -0.05 -0.00
80.41 4.00 9.02 1.01 0.00 -0.05 -0.00
80.46 4.00 9.02 1.01 0.00 -0.06 -0.00
80.51 4.00 9.02 1.01 0.00 -0.06 -0.00
80.56 4.00 9.02 1.01 0.00 -0.06 -0.00
80.61 4.00 9.01 1.01 0.00 -0.07 -0.00
80.66 4.00 9.01 1.01 0.00 -0.07 -0.00
80.71 4.00 9.01 1.01 0.00 -0.07 -0.00
80.76 4.00 9.00 1.01 0.00 -0.07 -0.00
80.81 4.00 9.00 1.01 0.00 -0.07 -0.00
80.86 4.00 9.00 1.01 0.00 -0.06 -0.00
80.91 4.00 8.99 1.01 0.00 -0.06 -0.00
80.96 4.00 8.99 1.01 0.00 -0.06 -0.00
81.01 4.00 8.99 1.01 0.00 -0.05 -0.00
81.06 4.00 8.98 1.01 0.00 -0.05 -0.00
81.11 4.00 8.98 1.01 0.00 -0.04 -0.00
81.16 4.00 8.98 1.01 0.00 -0.04 -0.00
81.21 4.00 8.98 1.01 0.00 -0.04 -0.00
81.26 4.00 8.98 1.01 0.00 -0.03 -0.00
81.31 4.00 8.98 1.01 0.00 -0.03 -0.00
81.36 4.00 8.97 1.01 0.00 -0.02 -0.00
81.41 4.00 8.97 1.01 0.00 -0.02 -0.00
81.46 4.00 8.97 1.01 0.00 -0.01 -0.00
81.51 4.00 8.97 1.01 0.00 -0.01 -0.00
81.56 4.00 8.97 1.01 0.00 -0.00 -0.00
81.61 4.00 8.97 1.01 0.00 0.00 -0.00
81.66 4.00 8.97 1.01 0.00 0.00 -0.00
81.71 4.00 8.97 1.01 0.00 0.01 -0.00
81.76 4.00 8.97 1.01 0.00 0.01 -0.00
81.81 4.00 8.97 1.01 0.00 0.01 -0.00
81.86 4.00 8.97 1.01 0.00 0.02 -0.00
81.91 4.00 8.98 1.01 0.00 0.02 -0.00
81.96 4.00 8.98 1.01 0.00 0.02 -0.00
82.01 4.00 8.98 1.01 0.00 0.02 -0.00
82.06 4.00 8.98 1.01 0.00 0.02 -0.00
82.11 4.00 8.98 1.01 0.00 0.02 -0.00
82.16 4.00 8.98 1.01 0.00 0.03 -0.00
82.21 4.00 8.98 1.01 0.00 0.03 -0.00
82.26 4.00 8.98 1.01 0.00 0.03 -0.00
82.31 4.00 8.98 1.01 0.00 0.03 -0.00
82.36 4.00 8.99 1.01 0.00 0.02 -0.00
82.41 4.00 8.99 1.01 0.00 0.02 -0.00
82.46 4.00 8.99 1.01 0.00 0.02 -0.00
82.51 4.00 8.99 1.01 0.00 0.02 -0.00
82.56 4.00 8.99 1.01 0.00 0.02 -0.00
82.61 4.00 8.99 1.01 0.00 0.02 -0.00
82.66 4.00 8.99 1.01 0.00 0.02 -0.00
82.71 4.00 8.99 1.01 0.00 0.02 -0.00
82.76 4.00 8.99 1.01 0.00 0.02 -0.00
82.81 4.00 9.00 1.01 0.00 0.01 -0.00
82.86 4.00 9.00 1.01 0.00 0.01 -0.00
82.91 4.00 9.00 1.01 0.00 0.01 -0.00
82.96 4.00 9.00 1.01 0.00 0.01 -0.00
83.01 4.00 9.00 1.01 0.00 0.01 -0.00
83.06 4.00 9.00 1.01 0.00 0.01 -0.00
83.11 4.00 9.00 1.01 0.00 0.01 -0.00
83.16 4.00 9.00 1.01 0.00 0.01 -0.00
83.21 4.00 9.00 1.01 0.00 0.00 -0.00
83.26 4.00 9.00 1.01 0.00 0.00 -0.00
83.31 4.00 9.00 1.01 0.00 0.00 -0.00
83.36 4.00 9.00 1.01 0.00 0.00 -0.00
83.41 4.00 9.00 1.01 0.00 -0.00 -0.00
83.46 4.00 9.00 1.01 0.00 -0.00 -0.00
83.51 4.00 9.00 1.01 0.00 -0.00 -0.00
83.56 4.00 9.00 1.01 0.00 -0.00 -0.00
83.61 4.00 9.00 1.01 0.00 -0.00 -0.00
83.66 4.00 9.00 1.01 0.00 -0.00 -0.00
83.71 4.00 9.00 1.01 0.00 -0.00 -0.00
83.76 4.00 9.00 1.01 0.00 -0.00 -0.00
83.81 4.00 9.00 1.01 0.00 -0.00 -0.00
83.86 4.00 9.00 1.01 0.00 -0.00 -0.00
83.91 4.00 9.00 1.01 0.00 -0.00 -0.00
83.96 4.00 9.00 1.01 0.00 -0.00 -0.00
84.01 4.00 9.00 1.01 0.00 -0.00 -0.00
84.06 4.00 9.00 1.01 0.00 -0.00 -0.00
84.11 4.00 9.00 1.01 0.00 -0.00 -0.00
84.16 4.00 9.00 1.01 0.00 -0.00 -0.00
84.21 4.00 9.00 1.01 0.00 -0.00 -0.00
84.26 4.00 9.00 1.01 0.00 -0.00 -0.00
84.31 4.00 9.00 1.01 0.00 -0.00 -0.00
84.36 4.00 9.00 1.01 0.00 -0.00 -0.00
84.41 4.00 9.00 1.01 0.00 -0.00 -0.00
84.46 4.00 9.00 1.01 0.00 -0.00 -0.00
84.51 4.00 9.00 1.01 0.00 -0.00 -0.00
84.56 4.00 9.00 1.01 0.00 -0.00 -0.00
84.61 4.00 9.00 1.01 0.00 -0.00 -0.00
84.66 4.00 9.00 1.01 0.00 0.00 -0.00
84.71 4.00 9.00 1.01 0.00 0.00 -0.00
84.76 4.00 9.00 1.01 0.00 0.00 -0.00
84.81 4.00 9.00 1.01 0.00 0.00 -0.00
84.86 4.00 9.00 1.01 0.00 0.00 -0.00
84.91 4.00 9.00 1.01 0.00 0.00 -0.00
84.96 4.00 9.00 1.01 0.00 0.00 -0.00
85.01 4.00 9.00 1.01 0.00 0.00 -0.00
85.06 4.00 9.00 1.01 0.00 0.00 -0.00
85.11 4.00 9.00 1.00 0.00 0.00 -0.00
85.16 4.00 9.00 1.00 0.00 0.00 -0.00
85.21 4.00 9.00 1.00 0.00 0.00 -0.00
85.26 4.00 9.00 1.00 0.00 0.00 -0.00
85.31 4.00 9.00 1.00 0.00 0.00 -0.00
85.36 4.00 9.00 1.00 0.00 0.00 -0.00
85.41 4.00 9.00 1.00 0.00 0.00 -0.00
85.46 4.00 9.00 1.00 0.00 0.00 -0.00
85.51 4.00 9.00 1.00 0.00 0.00 -0.00
85.56 4.00 9.00 1.00 0.00 0.00 -0.00
85.61 4.00 9.00 1.00 0.00 0.00 -0.00
85.66 4.00 9.00 1.00 0.00 0.00 -0.00
85.71 4.00 9.00 1.00 0.00 0.00 -0.00
85.76 4.00 9.00 1.00 0.00 0.00 -0.00
85.81 4.00 9.00 1.00 0.00 0.00 -0.00
85.86 4.00 9.00 1.00 0.00 0.00 -0.00
85.91 4.00 9.00 1.00 0.00 0.00 -0.00
85.96 4.00 9.00 1.00 0.00 0.00 -0.00
86.01 4.00 9.00 1.00 0.00 0.00 -0.00
86.06 4.00 9.00 1.00 0.00 0.00 -0.00
86.11 4.00 9.00 1.00 0.00 0.00 -0.00
86.16 4.00 9.00 1.00 0.00 0.00 -0.00
86.21 4.00 9.00 1.00 0.00 0.00 -0.00
86.26 4.00 9.00 1.00 0.00 0.00 -0.00
86.31 4.00 9.00 1.00 0.00 0.00 -0.00
86.36 4.00 9.00 1.00 0.00 0.00 -0.00
86.41 4.00 9.00 1.00 0.00 0.00 -0.00
86.46 4.00 9.00 1.00 0.00 0.00 -0.00

86.49	4.00	9.00	1.00
86.49	8.00	9.00	1.00
86.52 4.00 9.00 1.00 0.00 0.00 -0.00
86.57 4.00 9.00 1.00 0.02 0.00 -0.00
86.62 4.01 9.00 1.00 0.18 0.00 -0.03
86.67 4.02 9.00 1.00 0.41 0.00 -0.07
86.72 4.05 9.00 1.00 0.65 -0.00 -0.11
86.77 4.09 9.00 0.99 0.89 -0.00 -0.13
86.82 4.14 9.00 0.98 1.12 -0.00 -0.14
86.87 4.20 9.00 0.98 1.34 -0.00 -0.14
86.92 4.27 9.00 0.97 1.55 -0.00 -0.14
86.97 4.35 9.00 0.96 1.74 -0.00 -0.13
87.02 4.44 9.00 0.96 1.92 -0.00 -0.11
87.07 4.54 9.00 0.95 2.08 -0.00 -0.09
87.12 4.65 9.00 0.95 2.23 -0.00 -0.07
87.17 4.77 9.00 0.94 2.36 -0.00 -0.06
87.22 4.89 9.00 0.94 2.48 -0.00 -0.04
87.27 5.01 9.00 0.94 2.59 -0.00 -0.02
87.32 5.15 9.00 0.94 2.69 -0.00 -0.01
87.37 5.28 9.00 0.94 2.78 -0.00 0.01
87.42 5.42 9.00 0.94 2.86 -0.00 0.02
87.47 5.57 9.00 0.94 2.94 -0.00 0.03
87.52 5.72 9.00 0.94 3.00 -0.00 0.05
87.57 5.87 9.00 0.95 3.06 -0.00 0.05
87.62 6.02 9.00 0.95 3.12 -0.00 0.06
87.67 6.18 9.00 0.95 3.16 -0.00 0.07
87.72 6.34 9.00 0.96 3.21 -0.00 0.08
87.77 6.50 9.00 0.96 3.25 0.00 0.08
87.82 6.67 9.00 0.96 3.28 0.00 0.09
87.87 6.83 9.00 0.97 3.30 0.00 0.09
87.92 6.99 9.00 0.97 3.28 0.00 0.09
87.97 7.16 9.00 0.98 3.22 0.00 0.08
88.02 7.32 9.00 0.98 3.13 0.00 0.07
88.07 7.47 9.00 0.98 3.01 0.00 0.05
88.12 7.62 9.00 0.99 2.86 0.00 0.03
88.17 7.76 9.00 0.99 2.70 0.00 0.01
88.22 7.89 9.00 0.99 2.51 0.00 -0.01
88.27 8.01 9.00 0.99 2.31 0.00 -0.04
88.32 8.12 9.00 0.98 2.10 0.00 -0.06
88.37 8.22 9.00 0.98 1.88 0.00 -0.07
88.42 8.30 9.00 0.98 1.66 0.00 -0.08
88.47 8.38 9.00 0.97 1.43 0.00 -0.09
88.52 8.45 9.00 0.97 1.21 0.00 -0.09
88.57 8.50 9.00 0.96 0.99 0.00 -0.09
88.62 8.55 9.00 0.96 0.77 0.00 -0.08
88.67 8.58 9.00 0.96 0.56 0.00 -0.07
88.72 8.60 9.00 0.95 0.36 0.00 -0.06
88.77 8.61 9.00 0.95 0.17 0.00 -0.04
88.82 8.62 9.00 0.95 -0.01 0.00 -0.02
88.87 8.61 9.00 0.95 -0.17 0.00 -0.01
88.92 8.60 9.00 0.95 -0.31 0.00 0.01
88.97 8.58 9.00 0.95 -0.44 0.00 0.03
89.02 8.56 9.00 0.95 -0.56 0.00 0.05
89.07 8.53 9.00 0.95 -0.66 0.00 0.06
89.12 8.49 9.00 0.96 -0.74 0.00 0.07
89.17 8.45 9.00 0.96 -0.80 0.00 0.08
89.22 8.41 9.00 0.97 -0.85 0.00 0.09
89.27 8.37 9.00 0.97 -0.89 0.00 0.09
89.32 8.32 9.00 0.97 -0.91 0.00 0.10
89.37 8.28 9.00 0.98 -0.93 0.00 0.10
89.42 8.23 9.00 0.98 -0.93 0.00 0.09
89.47 8.18 9.00 0.99 -0.92 0.00 0.09
89.52 8.14 9.00 0.99 -0.90 0.00 0.08
89.57 8.09 9.00 1.00 -0.87 0.00 0.08
89.62 8.05 9.00 1.00 -0.83 0.00 0.07
89.67 8.01 9.00 1.00 -0.79 -0.00 0.06
89.72 7.97 9.00 1.01 -0.74 -0.00 0.05
89.77 7.94 9.00 1.01 -0.69 -0.00 0.04
89.82 7.90 9.00 1.01 -0.63 -0.00 0.03
89.87 7.87 9.00 1.01 -0.58 -0.00 0.03
89.92 7.85 9.00 1.01 -0.51 -0.00 0.02
89.97 7.82 9.00 1.01 -0.45 -0.00 0.01
90.02 7.80 9.00 1.01 -0.39 -0.00 0.01
90.07 7.78 9.00 1.01 -0.33 -0.00 0.00
90.12 7.77 9.00 1.01 -0.26 -0.00 0.00
90.17 7.76 9.00 1.01 -0.20 -0.00 -0.00
90.22 7.75 9.00 1.01 -0.15 -0.00 -0.00
90.27 7.74 9.00 1.01 -0.09 -0.00 -0.00
90.32 7.74 9.00 1.01 -0.04 -0.00 -0.00
90.37 7.74 9.00 1.01 0.01 -0.00 -0.00
90.42 7.74 9.00 1.01 0.06 -0.00 -0.00
90.47 7.75 9.00 1.01 0.10 -0.00 -0.00
90.52 7.75 9.00 1.01 0.14 -0.00 -0.00
90.57 7.76 9.00 1.01 0.17 -0.00 -0.00
90.62 7.77 9.00 1.01 0.20 -0.00 -0.00
90.67 7.78 9.00 1.01 0.23 -0.00 0.00
90.72 7.79 9.00 1.01 0.25 -0.00 0.00
90.77 7.80 9.00 1.01 0.26 0.00 0.00
90.82 7.82 9.00 1.01 0.28 0.00 0.00
90.87 7.83 9.00 1.01 0.28 0.00 0.00
90.92 7.85 9.00 1.01 0.29 0.00 0.00
90.97 7.86 9.00 1.01 0.29 0.00 0.00
91.02 7.87 9.00 1.01 0.29 0.00 0.00
91.07 7.89 9.00 1.01 0.29 0.00 0.00
91.12 7.90 9.00 1.01 0.28 0.00 0.00
91.17 7.92 9.00 1.01 0.27 0.00 0.00
91.22 7.93 9.00 1.01 0.26 0.00 0.00
91.27 7.94 9.00 1.01 0.25 0.00 0.00
91.32 7.96 9.00 1.01 0.23 0.00 0.00
91.37 7.97 9.00 1.01 0.22 0.00 -0.00
91.42 7.98 9.00 1.01 0.20 0.00 -0.00
91.47 7.99 9.00 1.01 0.18 0.00 -0.00
91.52 7.99 9.00 1.01 0.16 0.00 -0.00
91.57 8.00 9.00 1.01 0.15 0.00 -0.00
91.62 8.01 9.00 1.01 0.13 0.00 -0.00
91.67 8.02 9.00 1.01 0.11 0.00 -0.00
91.72 8.02 9.00 1.01 0.09 0.00 -0.00
91.77 8.02 9.00 1.01 0.07 0.00 -0.00
91.82 8.03 9.00 1.01 0.06 0.00 -0.00
91.87 8.03 9.00 1.01 0.04 0.00 -0.00
91.92 8.03 9.00 1.01 0.03 0.00 -0.00
91.97 8.03 9.00 1.01 0.01 0.00 -0.00
92.02 8.03 9.00 1.01 0.00 0.00 -0.00
92.07 8.03 9.00 1.01 -0.01 0.00 -0.00
92.12 8.03 9.00 1.01 -0.02 0.00 -0.00
92.17 8.03 9.00 1.01 -0.03 0.00 -0.00
92.22 8.03 9.00 1.01 -0.04 0.00 -0.00
92.27 8.03 9.00 1.01 -0.05 0.00 -0.00
92.32 8.02 9.00 1.01 -0.05 0.00 -0.00
92.37 8.02 9.00 1.01 -0.06 0.00 -0.00
92.42 8.02 9.00 1.01 -0.06 0.00 -0.00
92.47 8.02 9.00 1.01 -0.07 0.00 -0.00
92.52 8.01 9.00 1.01 -0.07 0.00 -0.00
92.57 8.01 9.00 1.01 -0.07 0.00 -0.00
92.62 8.01 9.00 1.01 -0.07 0.00 -0.00
92.67 8.00 9.00 1.01 -0.07 0.00 -0.00
92.72 8.00 9.00 1.01 -0.06 0.00 -0.00
92.77 8.00 9.00 1.01 -0.06 0.00 -0.00
92.82 7.99 9.00 1.01 -0.06 0.00 -0.00
92.87 7.99 9.00 1.01 -0.06 0.00 -0.00
92.92 7.99 9.00 1.01 -0.05 0.00 -0.00
92.97 7.98 9.00 1.01 -0.05 0.00 -0.00
93.02 7.98 9.00 1.01 -0.04 0.00 -0.00
93.07 7.98 9.00 1.01 -0.04 0.00 -0.00
93.12 7.98 9.00 1.01 -0.03 0.00 -0.00
93.17 7.98 9.00 1.01 -0.03 0.00 -0.00
93.22 7.98 9.00 1.01 -0.02 0.00 -0.00
93.27 7.97 9.00 1.01 -0.02 0.00 -0.00
93.32 7.97 9.00 1.01 -0.02 0.00 -0.00
93.37 7.97 9.00 1.01 -0.01 0.00 -0.00
93.42 7.97 9.00 1.01 -0.01 0.00 -0.00
93.47 7.97 9.00 1.01 -0.00 0.00 -0.00
93.52 7.97 9.00 1.01 0.00 0.00 -0.00
93.57 7.97 9.00 1.01 0.01 0.00 -0.00
93.62 7.97 9.00 1.01 0.01 0.00 -0.00
93.67 7.97 9.00 1.01 0.01 0.00 -0.00
93.72 7.97 9.00 1.01 0.01 0.00 -0.00
93.77 7.97 9.00 1.01 0.02 0.00 -0.00
93.82 7.98 9.00 1.01 0.02 0.00 -0.00
93.87 7.98 9.00 1.01 0.02 0.00 -0.00
93.92 7.98 9.00 1.01 0.02 0.00 -0.00
93.97 7.98 9.00 1.01 0.02 0.00 -0.00
94.02 7.98 9.00 1.01 0.02 0.00 -0.00
94.07 7.98 9.00 1.01 0.03 0.00 -0.00
94.12 7.98 9.00 1.01 0.03 0.00 -0.00
94.17 7.98 9.00 1.01 0.03 0.00 -0.00
94.22 7.98 9.00 1.01 0.03 0.00 -0.00
94.27 7.99 9.00 1.01 0.02 0.00 -0.00
94.32 7.99 9.00 1.01 0.02 0.00 -0.00
94.37 7.99 9.00 1.01 0.02 0.00 -0.00
94.42 7.99 9.00 1.01 0.02 0.00 -0.00
94.47 7.99 9.00 1.01 0.02 0.00 -0.00
94.52 7.99 9.00 1.01 0.02 0.00 -0.00
94.57 7.99 9.00 1.01 0.02 0.00 -0.00
94.62 7.99 9.00 1.01 0.02 0.00 -0.00
94.67 7.99 9.00 1.01 0.02 0.00 -0.00
94.72 8.00 9.00 1.01 0.01 0.00 -0.00
94.77 8.00 9.00 1.01 0.01 0.00 -0.00
94.82 8.00 9.00 1.01 0.01 0.00 -0.00
94.87 8.00 9.00 1.01 0.01 0.00 -0.00
94.92 8.00 9.00 1.01 0.01 0.00 -0.00
94.97 8.00 9.00 1.01 0.01 0.00 -0.00
95.02 8.00 9.00 1.01 0.01 0.00 -0.00
95.07 8.00 9.00 1.01 0.00 0.00 -0.00
95.12 8.00 9.00 1.01 0.00 0.00 -0.00
95.17 8.00 9.00 1.01 0.00 0.00 -0.00
95.22 8.00 9.00 1.01 0.00 0.00 -0.00
95.27 8.00 9.00 1.01 0.00 0.00 -0.00
95.32 8.00 9.00 1.01 -0.00 0.00 -0.00
95.37 8.00 9.00 1.01 -0.00 0.00 -0.00
95.42 8.00 9.00 1.01 -0.00 0.00 -0.00
95.47 8.00 9.00 1.01 -0.00 0.00 -0.00
95.52 8.00 9.00 1.01 -0.00 0.00 -0.00
95.57 8.00 9.00 1.01 -0.00 0.00 -0.00
95.62 8.00 9.00 1.01 -0.00 0.00 -0.00
95.67 8.00 9.00 1.01 -0.00 0.00 -0.00
95.72 8.00 9.00 1.01 -0.00 0.00 -0.00
95.77 8.00 9.00 1.01 -0.00 0.00 -0.00
95.82 8.00 9.00 1.01 -0.00 0.00 -0.00
95.87 8.00 9.00 1.01 -0.00 0.00 -0.00
95.92 8.00 9.00 1.01 -0.00 0.00 -0.00
95.97 8.00 9.00 1.01 -0.00 0.00 -0.00
96.02 8.00 9.00 1.01 -0.00 0.00 -0.00
96.07 8.00 9.00 1.01 -0.00 0.00 -0.00
96.12 8.00 9.00 1.01 -0.00 0.00 -0.00
96.17 8.00 9.00 1.01 -0.00 0.00 -0.00
96.22 8.00 9.00 1.01 -0.00 0.00 -0.00
96.27 8.00 9.00 1.01 -0.00 0.00 -0.00
96.32 8.00 9.00 1.01 -0.00 0.00 -0.00
96.37 8.00 9.00 1.01 -0.00 0.00 -0.00
96.42 8.00 9.00 1.01 -0.00 0.00 -0.00
96.47 8.00 9.00 1.01 -0.00 0.00 -0.00
96.52 8.00 9.00 1.01 -0.00 0.00 -0.00
96.57 8.00 9.00 1.01 0.00 0.00 -0.00
96.62 8.00 9.00 1.01 0.00 0.00 -0.00
96.67 8.00 9.00 1.01 0.00 0.00 -0.00
96.72 8.00 9.00 1.01 0.00 0.00 -0.00
96.77 8.00 9.00 1.01 0.00 0.00 -0.00
96.82 8.00 9.00 1.01 0.00 0.00 -0.00
96.87 8.00 9.00 1.01 0.00 0.00 -0.00
96.92 8.00 9.00 1.01 0.00 0.00 -0.00
96.97 8.00 9.00 1.01 0.00 0.00 -0.00
97.02 8.00 9.00 1.01 0.00 0.00 -0.00
97.07 8.00 9.00 1.01 0.00 0.00 -0.00
97.12 8.00 9.00 1.00 0.00 0.00 -0.00
97.17 8.00 9.00 1.00 0.00 0.00 -0.00
97.22 8.00 9.00 1.00 0.00 0.00 -0.00
97.27 8.00 9.00 1.00 0.00 0.00 -0.00
97.32 8.00 9.00 1.00 0.00 0.00 -0.00
97.37 8.00 9.00 1.00 0.00 0.00 -0.00
97.42 8.00 9.00 1.00 0.00 0.00 -0.00
97.47 8.00 9.00 1.00 0.00 0.00 -0.00
97.52 8.00 9.00 1.00 0.00 0.00 -0.00
97.57 8.00 9.00 1.00 0.00 0.00 -0.00
97.62 8.00 9.00 1.00 0.00 0.00 -0.00
97.67 8.00 9.00 1.00 0.00 0.00 -0.00
97.72 8.00 9.00 1.00 0.00 0.00 -0.00
97.77 8.00 9.00 1.00 0.00 0.00 -0.00
97.82 8.00 9.00 1.00 0.00 0.00 -0.00
97.87 8.00 9.00 1.00 0.00 0.00 -0.00
97.92 8.00 9.00 1.00 0.00 0.00 -0.00
97.97 8.00 9.00 1.00 0.00 0.00 -0.00
98.02 8.00 9.00 1.00 0.00 0.00 -0.00
98.07 8.00 9.00 1.00 0.00 0.00 -0.00
98.12 8.00 9.00 1.00 0.00 0.00 -0.00
98.17 8.00 9.00 1.00 0.00 0.00 -0.00
98.22 8.00 9.00 1.00 0.00 0.00 -0.00
98.27 8.00 9.00 1.00 0.00 0.00 -0.00
98.32 8.00 9.00 1.00 0.00 0.00 -0.00
98.37 8.00 9.00 1.00 0.00 0.00 -0.00

98.62	8.00	9.00	1.00
98.62	10.00	13.00	1.00
98.67 8.00 9.00 1.00 0.00 0.00 -0.00
98.72 8.00 9.00 1.00 0.07 0.11 -0.02
98.77 8.01 9.01 1.00 0.19 0.30 -0.07
98.82 8.02 9.03 1.00 0.33 0.53 -0.11
98.87 8.04 9.07 0.99 0.45 0.76 -0.14
98.92 8.07 9.11 0.98 0.57 0.98 -0.16
98.97 8.10 9.16 0.97 0.67 1.18 -0.16
99.02 8.13 9.23 0.97 0.76 1.37 -0.15
99.07 8.17 9.30 0.96 0.84 1.55 -0.14
99.12 8.22 9.38 0.95 0.92 1.71 -0.12
99.17 8.26 9.47 0.95 0.98 1.86 -0.10
99.22 8.31 9.57 0.94 1.04 1.99 -0.08
99.27 8.37 9.67 0.94 1.09 2.11 -0.06
99.32 8.42 9.78 0.94 1.14 2.22 -0.04
99.37 8.48 9.89 0.94 1.18 2.32 -0.02
99.42 8.54 10.01 0.93 1.22 2.40 -0.01
99.47 8.60 10.13 0.93 1.25 2.49 0.01
99.52 8.67 10.26 0.94 1.28 2.56 0.02
99.57 8.73 10.39 0.94 1.31 2.62 0.03
99.62 8.80 10.52 0.94 1.33 2.68 0.04
99.67 8.86 10.66 0.94 1.35 2.74 0.05
99.72 8.93 10.79 0.94 1.37 2.79 0.06
99.77 9.00 10.93 0.95 1.39 2.83 0.07
99.82 9.07 11.08 0.95 1.40 2.87 0.07
99.87 9.14 11.22 0.95 1.41 2.90 0.08
99.92 9.21 11.37 0.96 1.43 2.93 0.08
99.97 9.28 11.52 0.96 1.44 2.96 0.08
100.02 9.36 11.66 0.97 1.44 2.99 0.08
100.07 9.43 11.81 0.97 1.45 3.01 0.09
100.12 9.50 11.96 0.97 1.45 3.01 0.09
100.17 9.57 12.11 0.98 1.44 2.98 0.08
100.22 9.64 12.26 0.98 1.40 2.92 0.07
100.27 9.71 12.41 0.99 1.36 2.83 0.06
100.32 9.78 12.54 0.99 1.30 2.71 0.04
100.37 9.84 12.68 0.99 1.23 2.57 0.02
100.42 9.90 12.80 0.99 1.15 2.41 -0.01
100.47 9.96 12.92 0.99 1.07 2.24 -0.03
100.52 10.01 13.03 0.99 0.98 2.05 -0.05
100.57 10.06 13.12 0.98 0.88 1.86 -0.07
100.62 10.10 13.21 0.98 0.79 1.66 -0.08
100.67 10.13 13.29 0.98 0.69 1.45 -0.09
100.72 10.17 13.36 0.97 0.59 1.24 -0.10
100.77 10.19 13.41 0.97 0.49 1.04 -0.10
100.82 10.21 13.46 0.96 0.39 0.83 -0.09
100.87 10.23 13.50 0.96 0.30 0.64 -0.08
100.92 10.24 13.52 0.95 0.21 0.45 -0.07
100.97 10.25 13.54 0.95 0.12 0.27 -0.06
101.02 10.26 13.55 0.95 0.04 0.10 -0.04
101.07 10.26 13.55 0.95 -0.03 -0.06 -0.02
101.12 10.25 13.54 0.95 -0.10 -0.20 -0.00
101.17 10.25 13.53 0.95 -0.16 -0.33 0.02
101.22 10.24 13.51 0.95 -0.22 -0.44 0.04
101.27 10.23 13.49 0.95 -0.26 -0.54 0.05
101.32 10.21 13.46 0.95 -0.30 -0.62 0.07
101.37 10.19 13.42 0.96 -0.33 -0.69 0.08
101.42 10.18 13.39 0.96 -0.36 -0.75 0.09
101.47 10.16 13.35 0.97 -0.38 -0.79 0.09
101.52 10.14 13.31 0.97 -0.39 -0.82 0.10
101.57 10.12 13.27 0.98 -0.40 -0.84 0.10
101.62 10.10 13.22 0.98 -0.40 -0.84 0.10
101.67 10.08 13.18 0.98 -0.40 -0.84 0.09
101.72 10.06 13.14 0.99 -0.39 -0.83 0.09
101.77 10.04 13.10 0.99 -0.38 -0.81 0.08
101.82 10.02 13.06 1.00 -0.37 -0.78 0.07
101.87 10.00 13.02 1.00 -0.35 -0.74 0.07
101.92 9.99 12.99 1.00 -0.33 -0.70 0.06
101.97 9.97 12.95 1.01 -0.31 -0.66 0.05
102.02 9.96 12.92 1.01 -0.29 -0.61 0.04
102.07 9.94 12.89 1.01 -0.26 -0.55 0.03
102.12 9.93 12.87 1.01 -0.23 -0.50 0.02
102.17 9.92 12.84 1.01 -0.21 -0.44 0.02
102.22 9.91 12.82 1.01 -0.18 -0.39 0.01
102.27 9.90 12.80 1.01 -0.15 -0.33 0.01
102.32 9.89 12.79 1.01 -0.13 -0.27 0.00
102.37 9.89 12.78 1.01 -0.10 -0.22 0.00
102.42 9.88 12.77 1.01 -0.07 -0.16 -0.00
102.47 9.88 12.76 1.01 -0.05 -0.11 -0.00
102.52 9.88 12.76 1.01 -0.02 -0.06 -0.00
102.57 9.88 12.75 1.01 -0.00 -0.01 -0.00
102.62 9.88 12.75 1.01 0.02 0.03 -0.00
102.67 9.88 12.76 1.01 0.04 0.07 -0.00
102.72 9.88 12.76 1.01 0.06 0.11 -0.00
102.77 9.89 12.77 1.01 0.07 0.14 -0.00
102.82 9.89 12.78 1.01 0.08 0.17 -0.00
102.87 9.89 12.79 1.01 0.10 0.20 -0.00
102.92 9.90 12.80 1.01 0.11 0.22 0.00
102.97 9.90 12.81 1.01 0.11 0.23 0.00
103.02 9.91 12.82 1.01 0.12 0.25 0.00
103.07 9.92 12.83 1.01 0.13 0.26 0.00
103.12 9.92 12.85 1.01 0.13 0.27 0.00
103.17 9.93 12.86 1.01 0.13 0.27 0.00
103.22 9.94 12.87 1.01 0.13 0.27 0.00
103.27 9.94 12.89 1.01 0.13 0.27 0.00
103.32 9.95 12.90 1.01 0.13 0.26 0.00
103.37 9.96 12.91 1.01 0.12 0.26 0.00
103.42 9.96 12.92 1.01 0.12 0.25 0.00
103.47 9.97 12.94 1.01 0.11 0.24 0.00
103.52 9.97 12.95 1.01 0.11 0.22 0.00
103.57 9.98 12.96 1.01 0.10 0.21 0.00
103.62 9.98 12.97 1.01 0.09 0.19 -0.00
103.67 9.99 12.98 1.01 0.09 0.18 -0.00
103.72 9.99 12.99 1.01 0.08 0.16 -0.00
103.77 10.00 12.99 1.01 0.07 0.15 -0.00
103.82 10.00 13.00 1.01 0.06 0.13 -0.00
103.87 10.00 13.01 1.01 0.05 0.11 -0.00
103.92 10.00 13.01 1.01 0.05 0.10 -0.00
103.97 10.01 13.02 1.01 0.04 0.08 -0.00
104.02 10.01 13.02 1.01 0.03 0.06 -0.00
104.07 10.01 13.02 1.01 0.02 0.05 -0.00
104.12 10.01 13.03 1.01 0.02 0.03 -0.00
104.17 10.01 13.03 1.01 0.01 0.02 -0.00
104.22 10.01 13.03 1.01 0.00 0.01 -0.00
104.27 10.01 13.03 1.01 -0.00 -0.00 -0.00
104.32 10.01 13.03 1.01 -0.01 -0.01 -0.00
104.37 10.01 13.03 1.01 -0.01 -0.02 -0.00
104.42 10.01 13.02 1.01 -0.01 -0.03 -0.00
104.47 10.01 13.02 1.01 -0.02 -0.04 -0.00
104.52 10.01 13.02 1.01 -0.02 -0.04 -0.00
104.57 10.01 13.02 1.01 -0.02 -0.05 -0.00
104.62 10.01 13.02 1.01 -0.03 -0.05 -0.00
104.67 10.00 13.01 1.01 -0.03 -0.06 -0.00
104.72 10.00 13.01 1.01 -0.03 -0.06 -0.00
104.77 10.00 13.01 1.01 -0.03 -0.06 -0.00
104.82 10.00 13.00 1.01 -0.03 -0.06 -0.00
104.87 10.00 13.00 1.01 -0.03 -0.06 -0.00
104.92 10.00 13.00 1.01 -0.03 -0.06 -0.00
104.97 10.00 13.00 1.01 -0.03 -0.06 -0.00
105.02 9.99 12.99 1.01 -0.03 -0.06 -0.00
105.07 9.99 12.99 1.01 -0.02 -0.05 -0.00
105.12 9.99 12.99 1.01 -0.02 -0.05 -0.00
105.17 9.99 12.98 1.01 -0.02 -0.05 -0.00
105.22 9.99 12.98 1.01 -0.02 -0.04 -0.00
105.27 9.99 12.98 1.01 -0.02 -0.04 -0.00
105.32 9.99 12.98 1.01 -0.02 -0.03 -0.00
105.37 9.99 12.98 1.01 -0.01 -0.03 -0.00
105.42 9.99 12.98 1.01 -0.01 -0.02 -0.00
105.47 9.99 12.97 1.01 -0.01 -0.02 -0.00
105.52 9.99 12.97 1.01 -0.01 -0.02 -0.00
105.57 9.99 12.97 1.01 -0.00 -0.01 -0.00
105.62 9.99 12.97 1.01 -0.00 -0.01 -0.00
105.67 9.99 12.97 1.01 -0.00 -0.00 -0.00
105.72 9.99 12.97 1.01 0.00 0.00 -0.00
105.77 9.99 12.97 1.01 0.00 0.00 -0.00
105.82 9.99 12.97 1.01 0.00 0.01 -0.00
105.87 9.99 12.97 1.01 0.01 0.01 -0.00
105.92 9.99 12.97 1.01 0.01 0.01 -0.00
105.97 9.99 12.97 1.01 0.01 0.02 -0.00
106.02 9.99 12.98 1.01 0.01 0.02 -0.00
106.07 9.99 12.98 1.01 0.01 0.02 -0.00
106.12 9.99 12.98 1.01 0.01 0.02 -0.00
106.17 9.99 12.98 1.01 0.01 0.02 -0.00
106.22 9.99 12.98 1.01 0.01 0.02 -0.00
106.27 9.99 12.98 1.01 0.01 0.02 -0.00
106.32 9.99 12.98 1.01 0.01 0.02 -0.00
106.37 9.99 12.98 1.01 0.01 0.02 -0.00
106.42 9.99 12.98 1.01 0.01 0.02 -0.00
106.47 9.99 12.99 1.01 0.01 0.02 -0.00
106.52 9.99 12.99 1.01 0.01 0.02 -0.00
106.57 9.99 12.99 1.01 0.01 0.02 -0.00
106.62 9.99 12.99 1.01 0.01 0.02 -0.00
106.67 9.99 12.99 1.01 0.01 0.02 -0.00
106.72 10.00 12.99 1.01 0.01 0.02 -0.00
106.77 10.00 12.99 1.01 0.01 0.02 -0.00
106.82 10.00 12.99 1.01 0.01 0.02 -0.00
106.87 10.00 12.99 1.01 0.01 0.02 -0.00
106.92 10.00 12.99 1.01 0.01 0.01 -0.00
106.97 10.00 12.99 1.01 0.01 0.01 -0.00
107.02 10.00 13.00 1.01 0.01 0.01 -0.00
107.07 10.00 13.00 1.01 0.01 0.01 -0.00
107.12 10.00 13.00 1.01 0.00 0.01 -0.00
107.17 10.00 13.00 1.01 0.00 0.01 -0.00
107.22 10.00 13.00 1.01 0.00 0.01 -0.00
107.27 10.00 13.00 1.01 0.00 0.01 -0.00
107.32 10.00 13.00 1.01 0.00 0.00 -0.00
107.37 10.00 13.00 1.01 0.00 0.00 -0.00
107.42 10.00 13.00 1.01 0.00 0.00 -0.00
107.47 10.00 13.00 1.01 0.00 0.00 -0.00
107.52 10.00 13.00 1.01 0.00 0.00 -0.00
107.57 10.00 13.00 1.01 0.00 -0.00 -0.00
107.62 10.00 13.00 1.01 -0.00 -0.00 -0.00
107.67 10.00 13.00 1.01 -0.00 -0.00 -0.00
107.72 10.00 13.00 1.01 -0.00 -0.00 -0.00
107.77 10.00 13.00 1.01 -0.00 -0.00 -0.00
107.82 10.00 13.00 1.01 -0.00 -0.00 -0.00
107.87 10.00 13.00 1.01 -0.00 -0.00 -0.00
107.92 10.00 13.00 1.01 -0.00 -0.00 -0.00
107.97 10.00 13.00 1.01 -0.00 -0.00 -0.00
108.02 10.00 13.00 1.01 -0.00 -0.00 -0.00
108.07 10.00 13.00 1.01 -0.00 -0.00 -0.00
108.12 10.00 13.00 1.01 -0.00 -0.00 -0.00
108.17 10.00 13.00 1.01 -0.00 -0.00 -0.00
108.22 10.00 13.00 1.01 -0.00 -0.00 -0.00
108.27 10.00 13.00 1.01 -0.00 -0.00 -0.00
108.32 10.00 13.00 1.01 -0.00 -0.00 -0.00
108.37 10.00 13.00 1.01 -0.00 -0.00 -0.00
108.42 10.00 13.00 1.01 -0.00 -0.00 -0.00
108.47 10.00 13.00 1.01 -0.00 -0.00 -0.00
108.52 10.00 13.00 1.01 -0.00 -0.00 -0.00
108.57 10.00 13.00 1.01 -0.00 -0.00 -0.00
108.62 10.00 13.00 1.01 -0.00 -0.00 -0.00
108.67 10.00 13.00 1.01 -0.00 -0.00 -0.00
108.72 10.00 13.00 1.01 0.00 -0.00 -0.00
108.77 10.00 13.00 1.01 0.00 0.00 -0.00
108.82 10.00 13.00 1.01 0.00 0.00 -0.00
108.87 10.00 13.00 1.01 0.00 0.00 -0.00
108.92 10.00 13.00 1.01 0.00 0.00 -0.00
108.97 10.00 13.00 1.01 0.00 0.00 -0.00
109.02 10.00 13.00 1.01 0.00 0.00 -0.00
109.07 10.00 13.00 1.01 0.00 0.00 -0.00
109.12 10.00 13.00 1.01 0.00 0.00 -0.00
109.17 10.00 13.00 1.01 0.00 0.00 -0.00
109.22 10.00 13.00 1.01 0.00 0.00 -0.00
109.27 10.00 13.00 1.01 0.00 0.00 -0.00
109.32 10.00 13.00 1.01 0.00 0.00 -0.00
109.37 10.00 13.00 1.01 0.00 0.00 -0.00
109.42 10.00 13.00 1.00 0.00 0.00 -0.00
109.47 10.00 13.00 1.00 0.00 0.00 -0.00
109.52 10.00 13.00 1.00 0.00 0.00 -0.00
109.57 10.00 13.00 1.00 0.00 0.00 -0.00
109.62 10.00 13.00 1.00 0.00 0.00 -0.00
109.67 10.00 13.00 1.00 0.00 0.00 -0.00
109.72 10.00 13.00 1.00 0.00 0.00 -0.00
109.77 10.00 13.00 1.00 0.00 0.00 -0.00
109.82 10.00 13.00 1.00 0.00 0.00 -0.00
109.87 10.00 13.00 1.00 0.00 0.00 -0.00
109.92 10.00 13.00 1.00 0.00 0.00 -0.00
109.97 10.00 13.00 1.00 0.00 0.00 -0.00
110.02 10.00 13.00 1.00 0.00 0.00 -0.00
110.07 10.00 13.00 1.00 0.00 0.00 -0.00
110.12 10.00 13.00 1.00 0.00 0.00 -0.00
110.17 10.00 13.00 1.00 0.00 0.00 -0.00
110.22 10.00 13.00 1.00 0.00 0.00 -0.00
110.27 10.00 13.00 1.00 0.00 0.00 -0.00
110.32 10.00 13.00 1.00 0.00 0.00 -0.00
110.37 10.00 13.00 1.00 0.00 0.00 -0.00
110.42 10.00 13.00 1.00 0.00 0.00 -0.00
110.47 10.00 13.00 1.00 0.00 0.00 -0.00
110.52 10.00 13.00 1.00 0.00 0.00 -0.00
110.57 10.00 13.00 1.00 0.00 0.00 -0.00
110.62 10.00 13.00 1.00 0.00 0.00 -0.00
110.67 10.00 13.00 1.00 0.00 0.00 -0.00

110.99	10.00	13.00	1.00
110.99	9.00	15.00	1.00
111.02 10.00 13.00 1.00 0.00 0.00 -0.00
111.07 10.00 13.00 1.00 -0.05 0.07 -0.01
111.12 9.99 13.01 1.00 -0.17 0.26 -0.06
111.17 9.98 13.03 1.00 -0.30 0.48 -0.11
111.22 9.96 13.06 0.99 -0.43 0.71 -0.14
111.27 9.94 13.10 0.98 -0.55 0.93 -0.16
111.32 9.91 13.15 0.98 -0.65 1.15 -0.16
111.37 9.87 13.21 0.97 -0.75 1.34 -0.15
111.42 9.83 13.28 0.96 -0.83 1.52 -0.13
111.47 9.79 13.37 0.96 -0.90 1.69 -0.11
111.52 9.74 13.45 0.95 -0.97 1.84 -0.08
111.57 9.69 13.55 0.95 -1.03 1.97 -0.05
111.62 9.64 13.65 0.95 -1.08 2.10 -0.03
111.67 9.59 13.76 0.94 -1.12 2.21 -0.00
111.72 9.53 13.87 0.95 -1.16 2.30 0.02
111.77 9.47 13.99 0.95 -1.18 2.36 0.05
111.82 9.41 14.11 0.95 -1.18 2.39 0.07
111.87 9.35 14.23 0.95 -1.17 2.38 0.08
111.92 9.30 14.34 0.96 -1.14 2.35 0.09
111.97 9.24 14.46 0.96 -1.11 2.29 0.09
112.02 9.19 14.57 0.97 -1.06 2.21 0.08
112.07 9.13 14.68 0.97 -1.00 2.11 0.07
112.12 9.09 14.78 0.97 -0.94 1.99 0.06
112.17 9.04 14.88 0.98 -0.88 1.87 0.04
112.22 9.00 14.97 0.98 -0.81 1.73 0.03
112.27 8.96 15.05 0.98 -0.74 1.59 0.01
112.32 8.92 15.13 0.98 -0.66 1.44 0.00
112.37 8.89 15.20 0.98 -0.58 1.28 -0.01
112.42 8.87 15.26 0.98 -0.51 1.12 -0.02
112.47 8.84 15.31 0.98 -0.43 0.96 -0.03
112.52 8.82 15.35 0.98 -0.35 0.81 -0.03
112.57 8.81 15.39 0.97 -0.28 0.65 -0.03
112.62 8.80 15.42 0.97 -0.20 0.50 -0.03
112.67 8.79 15.44 0.97 -0.14 0.36 -0.02
112.72 8.78 15.45 0.97 -0.07 0.22 -0.02
112.77 8.78 15.46 0.97 -0.01 0.09 -0.01
112.82 8.78 15.46 0.97 0.05 -0.03 -0.00
112.87 8.78 15.46 0.97 0.10 -0.14 0.01
112.92 8.79 15.45 0.97 0.14 -0.24 0.02
112.97 8.80 15.43 0.97 0.18 -0.33 0.03
113.02 8.81 15.42 0.97 0.22 -0.41 0.04
113.07 8.82 15.39 0.98 0.25 -0.47 0.04
113.12 8.83 15.37 0.98 0.27 -0.53 0.05
113.17 8.85 15.34 0.98 0.29 -0.58 0.06
113.22 8.86 15.31 0.98 0.31 -0.61 0.06
113.27 8.88 15.28 0.99 0.32 -0.64 0.06
113.32 8.89 15.25 0.99 0.32 -0.65 0.06
113.37 8.91 15.21 0.99 0.32 -0.66 0.06
113.42 8.93 15.18 0.99 0.32 -0.66 0.06
113.47 8.94 15.15 1.00 0.31 -0.65 0.05
113.52 8.96 15.12 1.00 0.31 -0.64 0.05
113.57 8.97 15.08 1.00 0.29 -0.62 0.05
113.62 8.99 15.05 1.00 0.28 -0.59 0.04
113.67 9.00 15.03 1.01 0.26 -0.56 0.03
113.72 9.01 15.00 1.01 0.25 -0.53 0.03
113.77 9.03 14.97 1.01 0.23 -0.49 0.02
113.82 9.04 14.95 1.01 0.21 -0.45 0.02
113.87 9.05 14.93 1.01 0.19 -0.41 0.01
113.92 9.06 14.91 1.01 0.17 -0.37 0.01
113.97 9.06 14.89 1.01 0.14 -0.32 0.01
114.02 9.07 14.88 1.01 0.12 -0.28 0.00
114.07 9.08 14.86 1.01 0.10 -0.23 0.00
114.12 9.08 14.85 1.01 0.08 -0.19 -0.00
114.17 9.08 14.84 1.01 0.06 -0.15 -0.00
114.22 9.09 14.84 1.01 0.04 -0.11 -0.00
114.27 9.09 14.83 1.01 0.02 -0.07 -0.00
114.32 9.09 14.83 1.01 0.00 -0.03 -0.00
114.37 9.09 14.83 1.01 -0.01 0.00 -0.00
114.42 9.09 14.83 1.01 -0.03 0.04 -0.00
114.47 9.08 14.83 1.01 -0.04 0.06 -0.00
114.52 9.08 14.84 1.01 -0.05 0.09 -0.00
114.57 9.08 14.84 1.01 -0.06 0.11 -0.00
114.63 9.07 14.85 1.01 -0.07 0.14 -0.00
114.68 9.07 14.86 1.01 -0.08 0.16 -0.00
114.73 9.07 14.87 1.01 -0.09 0.17 0.00
114.78 9.06 14.87 1.01 -0.09 0.18 0.00
114.83 9.06 14.88 1.01 -0.10 0.19 0.00
114.88 9.05 14.89 1.01 -0.10 0.20 0.00
114.93 9.05 14.90 1.01 -0.10 0.20 0.00
114.98 9.04 14.91 1.01 -0.10 0.20 0.00
115.03 9.04 14.92 1.01 -0.10 0.20 0.00
115.08 9.03 14.93 1.01 -0.10 0.20 0.00
115.13 9.03 14.94 1.01 -0.09 0.19 0.00
115.18 9.02 14.95 1.01 -0.09 0.18 0.00
115.23 9.02 14.96 1.01 -0.09 0.18 0.00
115.28 9.02 14.97 1.01 -0.08 0.17 -0.00
115.33 9.01 14.98 1.01 -0.07 0.16 -0.00
115.38 9.01 14.99 1.01 -0.07 0.15 -0.00
115.43 9.00 14.99 1.01 -0.06 0.13 -0.00
115.48 9.00 15.00 1.01 -0.06 0.12 -0.00
115.53 9.00 15.00 1.01 -0.05 0.11 -0.00
115.58 9.00 15.01 1.01 -0.04 0.10 -0.00
115.63 8.99 15.01 1.01 -0.04 0.08 -0.00
115.68 8.99 15.02 1.01 -0.03 0.07 -0.00
115.73 8.99 15.02 1.01 -0.03 0.06 -0.00
115.78 8.99 15.02 1.01 -0.02 0.05 -0.00
115.83 8.99 15.03 1.01 -0.02 0.04 -0.00
115.88 8.99 15.03 1.01 -0.01 0.02 -0.00
115.93 8.99 15.03 1.01 -0.01 0.01 -0.00
115.98 8.99 15.03 1.01 -0.00 0.00 -0.00
116.03 8.99 15.03 1.01 0.00 -0.00 -0.00
116.08 8.99 15.03 1.01 0.01 -0.01 -0.00
116.13 8.99 15.03 1.01 0.01 -0.02 -0.00
116.18 8.99 15.03 1.01 0.01 -0.03 -0.00
116.23 8.99 15.03 1.01 0.02 -0.03 -0.00
116.28 8.99 15.02 1.01 0.02 -0.04 -0.00
116.33 8.99 15.02 1.01 0.02 -0.04 -0.00
116.38 8.99 15.02 1.01 0.02 -0.04 -0.00
116.43 8.99 15.02 1.01 0.02 -0.05 -0.00
116.48 8.99 15.01 1.01 0.02 -0.05 -0.00
116.53 9.00 15.01 1.01 0.02 -0.05 -0.00
116.58 9.00 15.01 1.01 0.02 -0.05 -0.00
116.63 9.00 15.01 1.01 0.02 -0.05 -0.00
116.68 9.00 15.00 1.01 0.02 -0.05 -0.00
116.73 9.00 15.00 1.01 0.02 -0.05 -0.00
116.78 9.00 15.00 1.01 0.02 -0.05 -0.00
116.83 9.00 15.00 1.01 0.02 -0.04 -0.00
116.88 9.00 15.00 1.01 0.02 -0.04 -0.00
116.93 9.00 14.99 1.01 0.02 -0.04 -0.00
116.98 9.01 14.99 1.01 0.02 -0.03 -0.00
117.03 9.01 14.99 1.01 0.01 -0.03 -0.00
117.08 9.01 14.99 1.01 0.01 -0.03 -0.00
117.13 9.01 14.99 1.01 0.01 -0.02 -0.00
117.18 9.01 14.99 1.01 0.01 -0.02 -0.00
117.23 9.01 14.99 1.01 0.01 -0.02 -0.00
117.28 9.01 14.98 1.01 0.01 -0.01 -0.00
117.33 9.01 14.98 1.01 0.00 -0.01 -0.00
117.38 9.01 14.98 1.01 0.00 -0.01 -0.00
117.43 9.01 14.98 1.01 0.00 -0.01 -0.00
117.48 9.01 14.98 1.01 -0.00 -0.00 -0.00
117.53 9.01 14.98 1.01 -0.00 0.00 -0.00
117.58 9.01 14.98 1.01 -0.00 0.00 -0.00
117.63 9.01 14.98 1.01 -0.00 0.01 -0.00
117.68 9.01 14.98 1.01 -0.00 0.01 -0.00
117.73 9.01 14.98 1.01 -0.01 0.01 -0.00
117.78 9.01 14.98 1.01 -0.01 0.01 -0.00
117.83 9.01 14.99 1.01 -0.01 0.01 -0.00
117.88 9.01 14.99 1.01 -0.01 0.01 -0.00
117.93 9.01 14.99 1.01 -0.01 0.01 -0.00
117.98 9.01 14.99 1.01 -0.01 0.02 -0.00
118.03 9.01 14.99 1.01 -0.01 0.02 -0.00
118.08 9.01 14.99 1.01 -0.01 0.02 -0.00
118.13 9.01 14.99 1.01 -0.01 0.02 -0.00
118.18 9.00 14.99 1.01 -0.01 0.02 -0.00
118.23 9.00 14.99 1.01 -0.01 0.02 -0.00
118.28 9.00 14.99 1.01 -0.01 0.02 -0.00
118.33 9.00 14.99 1.01 -0.01 0.02 -0.00
118.38 9.00 14.99 1.01 -0.01 0.02 -0.00
118.43 9.00 14.99 1.01 -0.01 0.01 -0.00
118.48 9.00 15.00 1.01 -0.01 0.01 -0.00
118.53 9.00 15.00 1.01 -0.01 0.01 -0.00
118.58 9.00 15.00 1.01 -0.01 0.01 -0.00
118.63 9.00 15.00 1.01 -0.01 0.01 -0.00
118.68 9.00 15.00 1.01 -0.00 0.01 -0.00
118.73 9.00 15.00 1.01 -0.00 0.01 -0.00
118.78 9.00 15.00 1.01 -0.00 0.01 -0.00
118.83 9.00 15.00 1.01 -0.00 0.01 -0.00
118.88 9.00 15.00 1.01 -0.00 0.01 -0.00
118.93 9.00 15.00 1.01 -0.00 0.01 -0.00
118.98 9.00 15.00 1.01 -0.00 0.00 -0.00
119.03 9.00 15.00 1.01 -0.00 0.00 -0.00
119.08 9.00 15.00 1.01 -0.00 0.00 -0.00
119.13 9.00 15.00 1.01 -0.00 0.00 -0.00
119.18 9.00 15.00 1.01 -0.00 0.00 -0.00
119.23 9.00 15.00 1.01 -0.00 0.00 -0.00
119.28 9.00 15.00 1.01 0.00 -0.00 -0.00
119.33 9.00 15.00 1.01 0.00 -0.00 -0.00
119.38 9.00 15.00 1.01 0.00 -0.00 -0.00
119.43 9.00 15.00 1.01 0.00 -0.00 -0.00
119.48 9.00 15.00 1.01 0.00 -0.00 -0.00
119.53 9.00 15.00 1.01 0.00 -0.00 -0.00
119.58 9.00 15.00 1.01 0.00 -0.00 -0.00
119.63 9.00 15.00 1.01 0.00 -0.00 -0.00
119.68 9.00 15.00 1.01 0.00 -0.00 -0.00
119.73 9.00 15.00 1.01 0.00 -0.00 -0.00
119.78 9.00 15.00 1.01 0.00 -0.00 -0.00
119.83 9.00 15.00 1.01 0.00 -0.00 -0.00
119.88 9.00 15.00 1.01 0.00 -0.00 -0.00
119.93 9.00 15.00 1.01 0.00 -0.00 -0.00
119.98 9.00 15.00 1.00 0.00 -0.00 -0.00
120.03 9.00 15.00 1.00 0.00 -0.00 -0.00
120.08 9.00 15.00 1.00 0.00 -0.00 -0.00
120.13 9.00 15.00 1.00 0.00 -0.00 -0.00
120.18 9.00 15.00 1.00 0.00 -0.00 -0.00
120.23 9.00 15.00 1.00 0.00 -0.00 -0.00
120.28 9.00 15.00 1.00 0.00 -0.00 -0.00
120.33 9.00 15.00 1.00 0.00 -0.00 -0.00
120.38 9.00 15.00 1.00 0.00 -0.00 -0.00
120.43 9.00 15.00 1.00 0.00 -0.00 -0.00
120.48 9.00 15.00 1.00 0.00 -0.00 -0.00
120.53 9.00 15.00 1.00 0.00 -0.00 -0.00

120.74	9.00	15.00	1.00
120.74	8.00	17.00	1.00
120.79 9.00 15.00 1.00 -0.00 0.00 -0.00
120.84 9.00 15.00 1.00 -0.05 0.08 -0.01
120.89 9.00 15.01 1.00 -0.17 0.26 -0.06
120.94 8.98 15.03 1.00 -0.30 0.48 -0.11
120.99 8.96 15.06 0.99 -0.43 0.71 -0.14
121.04 8.94 15.10 0.98 -0.55 0.94 -0.16
121.09 8.91 15.15 0.98 -0.65 1.15 -0.16
121.14 8.88 15.21 0.97 -0.74 1.34 -0.15
121.19 8.84 15.28 0.96 -0.83 1.52 -0.13
121.24 8.79 15.36 0.96 -0.90 1.69 -0.11
121.29 8.75 15.45 0.95 -0.97 1.84 -0.08
121.34 8.70 15.55 0.95 -1.02 1.97 -0.05
121.39 8.64 15.65 0.95 -1.08 2.10 -0.03
121.44 8.59 15.76 0.95 -1.12 2.21 -0.00
121.49 8.53 15.87 0.95 -1.16 2.30 0.02
121.54 8.47 15.99 0.95 -1.18 2.36 0.05
121.59 8.41 16.11 0.95 -1.18 2.39 0.06
121.64 8.36 16.23 0.95 -1.17 2.38 0.08
121.69 8.30 16.34 0.96 -1.14 2.35 0.09
121.74 8.24 16.46 0.96 -1.11 2.29 0.09
121.79 8.19 16.57 0.97 -1.06 2.21 0.08
121.84 8.14 16.68 0.97 -1.01 2.11 0.07
121.89 8.09 16.78 0.97 -0.95 1.99 0.06
121.94 8.04 16.88 0.98 -0.88 1.87 0.04
121.99 8.00 16.97 0.98 -0.81 1.73 0.03
122.04 7.96 17.05 0.98 -0.74 1.59 0.01
122.09 7.93 17.13 0.98 -0.66 1.44 -0.00
122.14 7.89 17.20 0.98 -0.58 1.28 -0.01
122.19 7.87 17.26 0.98 -0.51 1.12 -0.02
122.24 7.84 17.31 0.98 -0.43 0.97 -0.03
122.29 7.82 17.35 0.98 -0.35 0.81 -0.03
122.34 7.81 17.39 0.97 -0.28 0.65 -0.03
122.39 7.80 17.42 0.97 -0.21 0.50 -0.03
122.44 7.79 17.44 0.97 -0.14 0.36 -0.02
122.49 7.78 17.45 0.97 -0.07 0.22 -0.02
122.54 7.78 17.46 0.97 -0.01 0.09 -0.01
122.59 7.78 17.46 0.97 0.04 -0.03 -0.00
122.64 7.79 17.46 0.97 0.10 -0.14 0.01
122.69 7.79 17.45 0.97 0.14 -0.24 0.02
122.74 7.80 17.43 0.97 0.18 -0.33 0.03
122.79 7.81 17.42 0.97 0.22 -0.41 0.04
122.84 7.82 17.39 0.98 0.25 -0.47 0.04
122.89 7.83 17.37 0.98 0.27 -0.53 0.05
122.94 7.85 17.34 0.98 0.29 -0.58 0.06
122.99 7.86 17.31 0.98 0.31 -0.61 0.06
123.04 7.88 17.28 0.99 0.32 -0.64 0.06
123.09 7.89 17.25 0.99 0.32 -0.65 0.06
123.14 7.91 17.21 0.99 0.32 -0.66 0.06
123.19 7.93 17.18 1.00 0.32 -0.66 0.06
123.24 7.94 17.15 1.00 0.31 -0.65 0.05
123.29 7.96 17.12 1.00 0.31 -0.64 0.05
123.34 7.97 17.08 1.00 0.29 -0.62 0.05
123.39 7.99 17.05 1.01 0.28 -0.59 0.04
123.44 8.00 17.03 1.01 0.26 -0.56 0.03
123.49 8.01 17.00 1.01 0.25 -0.53 0.03
123.54 8.03 16.97 1.01 0.23 -0.49 0.02
123.59 8.04 16.95 1.01 0.21 -0.45 0.02
123.64 8.05 16.93 1.01 0.19 -0.41 0.01
123.69 8.06 16.91 1.01 0.17 -0.37 0.01
123.74 8.06 16.89 1.01 0.14 -0.32 0.01
123.79 8.07 16.88 1.01 0.12 -0.28 0.00
123.84 8.08 16.86 1.01 0.10 -0.24 0.00
123.89 8.08 16.85 1.01 0.08 -0.19 -0.00
123.94 8.08 16.84 1.01 0.06 -0.15 -0.00
123.99 8.09 16.84 1.01 0.04 -0.11 -0.00
124.04 8.09 16.83 1.01 0.02 -0.07 -0.00
124.09 8.09 16.83 1.01 0.00 -0.03 -0.00
124.14 8.09 16.83 1.01 -0.01 0.00 -0.00
124.19 8.09 16.83 1.01 -0.03 0.04 -0.00
124.24 8.08 16.83 1.01 -0.04 0.06 -0.00
124.29 8.08 16.84 1.01 -0.05 0.09 -0.00
124.34 8.08 16.84 1.01 -0.06 0.11 -0.00
124.39 8.08 16.85 1.01 -0.07 0.14 -0.00
124.44 8.07 16.86 1.01 -0.08 0.15 -0.00
124.49 8.07 16.86 1.01 -0.09 0.17 0.00
124.54 8.06 16.87 1.01 -0.09 0.18 0.00
124.59 8.06 16.88 1.01 -0.10 0.19 0.00
124.64 8.05 16.89 1.01 -0.10 0.19 0.00
124.69 8.05 16.90 1.01 -0.10 0.20 0.00
124.74 8.04 16.91 1.01 -0.10 0.20 0.00
124.79 8.04 16.92 1.01 -0.10 0.20 0.00
124.84 8.03 16.93 1.01 -0.10 0.20 0.00
124.89 8.03 16.94 1.01 -0.09 0.19 0.00
124.94 8.02 16.95 1.01 -0.09 0.19 0.00
124.99 8.02 16.96 1.01 -0.09 0.18 0.00
125.04 8.02 16.97 1.01 -0.08 0.17 -0.00
125.09 8.01 16.98 1.01 -0.08 0.16 -0.00
125.14 8.01 16.98 1.01 -0.07 0.15 -0.00
125.19 8.01 16.99 1.01 -0.06 0.14 -0.00
125.24 8.00 17.00 1.01 -0.06 0.12 -0.00
125.29 8.00 17.00 1.01 -0.05 0.11 -0.00
125.34 8.00 17.01 1.01 -0.05 0.10 -0.00
125.39 7.99 17.01 1.01 -0.04 0.09 -0.00
125.44 7.99 17.02 1.01 -0.03 0.07 -0.00
125.49 7.99 17.02 1.01 -0.03 0.06 -0.00
125.54 7.99 17.02 1.01 -0.02 0.05 -0.00
125.59 7.99 17.03 1.01 -0.02 0.04 -0.00
125.64 7.99 17.03 1.01 -0.01 0.03 -0.00
125.69 7.99 17.03 1.01 -0.01 0.02 -0.00
125.74 7.99 17.03 1.01 -0.00 0.01 -0.00
125.79 7.99 17.03 1.01 0.00 -0.00 -0.00
125.84 7.99 17.03 1.01 0.01 -0.01 -0.00
125.89 7.99 17.03 1.01 0.01 -0.02 -0.00
125.94 7.99 17.03 1.01 0.01 -0.02 -0.00
125.99 7.99 17.03 1.01 0.02 -0.03 -0.00
126.04 7.99 17.02 1.01 0.02 -0.04 -0.00
126.09 7.99 17.02 1.01 0.02 -0.04 -0.00
126.14 7.99 17.02 1.01 0.02 -0.04 -0.00
126.19 7.99 17.02 1.01 0.02 -0.05 -0.00
126.24 7.99 17.02 1.01 0.02 -0.05 -0.00
126.29 8.00 17.01 1.01 0.02 -0.05 -0.00
126.34 8.00 17.01 1.01 0.02 -0.05 -0.00
126.39 8.00 17.01 1.01 0.02 -0.05 -0.00
126.44 8.00 17.01 1.01 0.02 -0.05 -0.00
126.49 8.00 17.00 1.01 0.02 -0.05 -0.00
126.54 8.00 17.00 1.01 0.02 -0.05 -0.00
126.59 8.00 17.00 1.01 0.02 -0.04 -0.00
126.64 8.00 17.00 1.01 0.02 -0.04 -0.00
126.69 8.00 16.99 1.01 0.02 -0.04 -0.00
126.74 8.01 16.99 1.01 0.02 -0.04 -0.00
126.79 8.01 16.99 1.01 0.01 -0.03 -0.00
126.84 8.01 16.99 1.01 0.01 -0.03 -0.00
126.89 8.01 16.99 1.01 0.01 -0.03 -0.00
126.94 8.01 16.99 1.01 0.01 -0.02 -0.00
126.99 8.01 16.99 1.01 0.01 -0.02 -0.00
127.04 8.01 16.98 1.01 0.01 -0.02 -0.00
127.09 8.01 16.98 1.01 0.00 -0.01 -0.00
127.14 8.01 16.98 1.01 0.00 -0.01 -0.00
127.19 8.01 16.98 1.01 0.00 -0.01 -0.00
127.24 8.01 16.98 1.01 0.00 -0.00 -0.00
127.29 8.01 16.98 1.01 -0.00 0.00 -0.00
127.34 8.01 16.98 1.01 -0.00 0.00 -0.00
127.39 8.01 16.98 1.01 -0.00 0.01 -0.00
127.44 8.01 16.98 1.01 -0.00 0.01 -0.00
127.49 8.01 16.98 1.01 -0.01 0.01 -0.00
127.54 8.01 16.98 1.01 -0.01 0.01 -0.00
127.59 8.01 16.99 1.01 -0.01 0.01 -0.00
127.64 8.01 16.99 1.01 -0.01 0.01 -0.00
127.69 8.01 16.99 1.01 -0.01 0.01 -0.00
127.74 8.01 16.99 1.01 -0.01 0.02 -0.00
127.79 8.01 16.99 1.01 -0.01 0.02 -0.00
127.84 8.01 16.99 1.01 -0.01 0.02 -0.00
127.89 8.01 16.99 1.01 -0.01 0.02 -0.00
127.94 8.01 16.99 1.01 -0.01 0.02 -0.00
127.99 8.00 16.99 1.01 -0.01 0.02 -0.00
128.04 8.00 16.99 1.01 -0.01 0.02 -0.00
128.09 8.00 16.99 1.01 -0.01 0.02 -0.00
128.14 8.00 16.99 1.01 -0.01 0.02 -0.00
128.19 8.00 16.99 1.01 -0.01 0.01 -0.00
128.24 8.00 17.00 1.01 -0.01 0.01 -0.00
128.29 8.00 17.00 1.01 -0.01 0.01 -0.00
128.34 8.00 17.00 1.01 -0.01 0.01 -0.00
128.39 8.00 17.00 1.01 -0.01 0.01 -0.00
128.44 8.00 17.00 1.01 -0.01 0.01 -0.00
128.49 8.00 17.00 1.01 -0.00 0.01 -0.00
128.54 8.00 17.00 1.01 -0.00 0.01 -0.00
128.59 8.00 17.00 1.01 -0.00 0.01 -0.00
128.64 8.00 17.00 1.01 -0.00 0.01 -0.00
128.69 8.00 17.00 1.01 -0.00 0.01 -0.00
128.74 8.00 17.00 1.01 -0.00 0.00 -0.00
128.79 8.00 17.00 1.01 -0.00 0.00 -0.00
128.84 8.00 17.00 1.01 -0.00 0.00 -0.00
128.89 8.00 17.00 1.01 -0.00 0.00 -0.00
128.94 8.00 17.00 1.01 -0.00 0.00 -0.00
128.99 8.00 17.00 1.01 -0.00 0.00 -0.00
129.04 8.00 17.00 1.01 0.00 -0.00 -0.00
129.09 8.00 17.00 1.01 0.00 -0.00 -0.00
129.14 8.00 17.00 1.01 0.00 -0.00 -0.00
129.19 8.00 17.00 1.01 0.00 -0.00 -0.00
129.24 8.00 17.00 1.01 0.00 -0.00 -0.00
129.29 8.00 17.00 1.01 0.00 -0.00 -0.00
129.34 8.00 17.00 1.01 0.00 -0.00 -0.00
129.39 8.00 17.00 1.01 0.00 -0.00 -0.00
129.44 8.00 17.00 1.01 0.00 -0.00 -0.00
129.49 8.00 17.00 1.01 0.00 -0.00 -0.00
129.54 8.00 17.00 1.01 0.00 -0.00 -0.00
129.59 8.00 17.00 1.01 0.00 -0.00 -0.00
129.64 8.00 17.00 1.01 0.00 -0.00 -0.00
129.69 8.00 17.00 1.01 0.00 -0.00 -0.00
129.74 8.00 17.00 1.01 0.00 -0.00 -0.00
129.79 8.00 17.00 1.01 0.00 -0.00 -0.00
129.84 8.00 17.00 1.00 0.00 -0.00 -0.00
129.89 8.00 17.00 1.00 0.00 -0.00 -0.00
129.94 8.00 17.00 1.00 0.00 -0.00 -0.00
129.99 8.00 17.00 1.00 0.00 -0.00 -0.00
130.04 8.00 17.00 1.00 0.00 -0.00 -0.00
130.09 8.00 17.00 1.00 0.00 -0.00 -0.00
130.14 8.00 17.00 1.00 0.00 -0.00 -0.00
130.19 8.00 17.00 1.00 0.00 -0.00 -0.00
130.24 8.00 17.00 1.00 0.00 -0.00 -0.00
130.29 8.00 17.00 1.00 0.00 -0.00 -0.00
130.34 8.00 17.00 1.00 -0.00 -0.00 -0.00

130.60	8.00	17.00	1.00
130.60	7.00	19.00	1.00
130.63 8.00 17.00 1.00 -0.00 0.00 -0.00
130.68 8.00 17.00 1.00 -0.03 0.05 -0.01
130.73 8.00 17.01 1.00 -0.14 0.22 -0.05
130.78 7.99 17.02 1.00 -0.27 0.44 -0.10
130.83 7.97 17.05 0.99 -0.40 0.67 -0.14
130.88 7.95 17.09 0.99 -0.52 0.89 -0.15
130.93 7.92 17.14 0.98 -0.63 1.11 -0.16
130.98 7.88 17.20 0.97 -0.73 1.30 -0.15
131.03 7.84 17.27 0.96 -0.81 1.49 -0.13
131.08 7.80 17.35 0.96 -0.89 1.66 -0.11
131.13 7.76 17.43 0.95 -0.95 1.81 -0.09
131.18 7.71 17.53 0.95 -1.01 1.95 -0.06
131.23 7.65 17.63 0.95 -1.07 2.07 -0.03
131.28 7.60 17.74 0.95 -1.11 2.19 -0.01
131.33 7.54 17.85 0.95 -1.15 2.29 0.02
131.38 7.48 17.96 0.95 -1.17 2.35 0.04
131.43 7.43 18.08 0.95 -1.18 2.39 0.06
131.48 7.37 18.20 0.95 -1.17 2.39 0.08
131.53 7.31 18.32 0.96 -1.15 2.36 0.09
131.58 7.25 18.44 0.96 -1.11 2.30 0.09
131.63 7.20 18.55 0.97 -1.07 2.22 0.08
131.68 7.15 18.66 0.97 -1.02 2.13 0.08
131.73 7.10 18.76 0.97 -0.96 2.02 0.06
131.78 7.05 18.86 0.98 -0.89 1.89 0.05
131.83 7.01 18.95 0.98 -0.82 1.76 0.03
131.88 6.97 19.04 0.98 -0.75 1.62 0.02
131.93 6.93 19.11 0.98 -0.68 1.47 0.00
131.98 6.90 19.18 0.98 -0.60 1.31 -0.01
132.03 6.87 19.24 0.98 -0.52 1.16 -0.02
132.08 6.85 19.30 0.98 -0.44 1.00 -0.03
132.13 6.83 19.34 0.98 -0.37 0.84 -0.03
132.18 6.81 19.38 0.97 -0.29 0.68 -0.03
132.23 6.80 19.41 0.97 -0.22 0.53 -0.03
132.28 6.79 19.43 0.97 -0.15 0.39 -0.03
132.33 6.78 19.45 0.97 -0.08 0.25 -0.02
132.38 6.78 19.46 0.97 -0.02 0.12 -0.01
132.43 6.78 19.46 0.97 0.03 -0.01 -0.00
132.48 6.78 19.46 0.97 0.09 -0.12 0.01
132.53 6.79 19.45 0.97 0.13 -0.22 0.02
132.58 6.80 19.44 0.97 0.17 -0.31 0.03
132.63 6.81 19.42 0.97 0.21 -0.39 0.03
132.68 6.82 19.40 0.98 0.24 -0.46 0.04
132.73 6.83 19.37 0.98 0.27 -0.52 0.05
132.78 6.85 19.35 0.98 0.29 -0.57 0.05
132.83 6.86 19.32 0.98 0.30 -0.60 0.06
132.88 6.88 19.29 0.99 0.31 -0.63 0.06
132.93 6.89 19.25 0.99 0.32 -0.65 0.06
132.98 6.91 19.22 0.99 0.32 -0.66 0.06
133.03 6.92 19.19 0.99 0.32 -0.66 0.06
133.08 6.94 19.15 1.00 0.32 -0.66 0.05
133.13 6.96 19.12 1.00 0.31 -0.64 0.05
133.18 6.97 19.09 1.00 0.30 -0.62 0.05
133.23 6.98 19.06 1.00 0.28 -0.60 0.04
133.28 7.00 19.03 1.01 0.27 -0.57 0.04
133.33 7.01 19.00 1.01 0.25 -0.54 0.03
133.38 7.02 18.98 1.01 0.23 -0.50 0.02
133.43 7.03 18.95 1.01 0.21 -0.46 0.02
133.48 7.04 18.93 1.01 0.19 -0.42 0.02
133.53 7.05 18.91 1.01 0.17 -0.38 0.01
133.58 7.06 18.89 1.01 0.15 -0.33 0.01
133.63 7.07 18.88 1.01 0.13 -0.29 0.00
133.68 7.07 18.86 1.01 0.10 -0.24 0.00
133.73 7.08 18.85 1.01 0.08 -0.20 -0.00
133.78 7.08 18.84 1.01 0.06 -0.16 -0.00
133.83 7.09 18.84 1.01 0.04 -0.12 -0.00
133.88 7.09 18.83 1.01 0.02 -0.08 -0.00
133.93 7.09 18.83 1.01 0.01 -0.04 -0.00
133.98 7.09 18.83 1.01 -0.01 -0.00 -0.00
134.03 7.09 18.83 1.01 -0.03 0.03 -0.00
134.08 7.09 18.83 1.01 -0.04 0.06 -0.00
134.13 7.08 18.84 1.01 -0.05 0.09 -0.00
134.18 7.08 18.84 1.01 -0.06 0.11 -0.00
134.23 7.08 18.85 1.01 -0.07 0.13 -0.00
134.28 7.07 18.85 1.01 -0.08 0.15 -0.00
134.33 7.07 18.86 1.01 -0.09 0.16 -0.00
134.38 7.06 18.87 1.01 -0.09 0.18 0.00
134.43 7.06 18.88 1.01 -0.10 0.19 0.00
134.48 7.05 18.89 1.01 -0.10 0.19 0.00
134.53 7.05 18.90 1.01 -0.10 0.20 0.00
134.58 7.04 18.91 1.01 -0.10 0.20 0.00
134.63 7.04 18.92 1.01 -0.10 0.20 0.00
134.68 7.04 18.93 1.01 -0.10 0.20 0.00
134.73 7.03 18.94 1.01 -0.09 0.19 0.00
134.78 7.03 18.95 1.01 -0.09 0.19 0.00
134.83 7.02 18.96 1.01 -0.09 0.18 0.00
134.88 7.02 18.97 1.01 -0.08 0.17 -0.00
134.93 7.01 18.97 1.01 -0.08 0.16 -0.00
134.98 7.01 18.98 1.01 -0.07 0.15 -0.00
135.03 7.01 18.99 1.01 -0.07 0.14 -0.00
135.08 7.00 19.00 1.01 -0.06 0.13 -0.00
135.13 7.00 19.00 1.01 -0.05 0.11 -0.00
135.18 7.00 19.01 1.01 -0.05 0.10 -0.00
135.23 7.00 19.01 1.01 -0.04 0.09 -0.00
135.28 6.99 19.02 1.01 -0.03 0.08 -0.00
135.33 6.99 19.02 1.01 -0.03 0.06 -0.00
135.38 6.99 19.02 1.01 -0.02 0.05 -0.00
135.43 6.99 19.03 1.01 -0.02 0.04 -0.00
135.48 6.99 19.03 1.01 -0.01 0.03 -0.00
135.53 6.99 19.03 1.01 -0.01 0.02 -0.00
135.58 6.99 19.03 1.01 -0.00 0.01 -0.00
135.63 6.99 19.03 1.01 0.00 -0.00 -0.00
135.68 6.99 19.03 1.01 0.01 -0.01 -0.00
135.73 6.99 19.03 1.01 0.01 -0.02 -0.00
135.78 6.99 19.03 1.01 0.01 -0.02 -0.00
135.83 6.99 19.03 1.01 0.02 -0.03 -0.00
135.88 6.99 19.02 1.01 0.02 -0.03 -0.00
135.93 6.99 19.02 1.01 0.02 -0.04 -0.00
135.98 6.99 19.02 1.01 0.02 -0.04 -0.00
136.03 6.99 19.02 1.01 0.02 -0.05 -0.00
136.08 6.99 19.02 1.01 0.02 -0.05 -0.00
136.13 7.00 19.01 1.01 0.02 -0.05 -0.00
136.18 7.00 19.01 1.01 0.02 -0.05 -0.00
136.23 7.00 19.01 1.01 0.02 -0.05 -0.00
136.28 7.00 19.01 1.01 0.02 -0.05 -0.00
136.33 7.00 19.00 1.01 0.02 -0.05 -0.00
136.38 7.00 19.00 1.01 0.02 -0.05 -0.00
136.43 7.00 19.00 1.01 0.02 -0.04 -0.00
136.48 7.00 19.00 1.01 0.02 -0.04 -0.00
136.53 7.00 18.99 1.01 0.02 -0.04 -0.00
136.58 7.01 18.99 1.01 0.02 -0.04 -0.00
136.63 7.01 18.99 1.01 0.01 -0.03 -0.00
136.68 7.01 18.99 1.01 0.01 -0.03 -0.00
136.73 7.01 18.99 1.01 0.01 -0.03 -0.00
136.78 7.01 18.99 1.01 0.01 -0.02 -0.00
136.83 7.01 18.99 1.01 0.01 -0.02 -0.00
136.88 7.01 18.98 1.01 0.01 -0.02 -0.00
136.93 7.01 18.98 1.01 0.00 -0.01 -0.00
136.98 7.01 18.98 1.01 0.00 -0.01 -0.00
137.03 7.01 18.98 1.01 0.00 -0.01 -0.00
137.08 7.01 18.98 1.01 0.00 -0.00 -0.00
137.13 7.01 18.98 1.01 -0.00 -0.00 -0.00
137.18 7.01 18.98 1.01 -0.00 0.00 -0.00
137.23 7.01 18.98 1.01 -0.00 0.00 -0.00
137.28 7.01 18.98 1.01 -0.00 0.01 -0.00
137.33 7.01 18.98 1.01 -0.01 0.01 -0.00
137.38 7.01 18.98 1.01 -0.01 0.01 -0.00
137.43 7.01 18.98 1.01 -0.01 0.01 -0.00
137.48 7.01 18.99 1.01 -0.01 0.01 -0.00
137.53 7.01 18.99 1.01 -0.01 0.01 -0.00
137.58 7.01 18.99 1.01 -0.01 0.02 -0.00
137.63 7.01 18.99 1.01 -0.01 0.02 -0.00
137.68 7.01 18.99 1.01 -0.01 0.02 -0.00
137.73 7.01 18.99 1.01 -0.01 0.02 -0.00
137.78 7.01 18.99 1.01 -0.01 0.02 -0.00
137.83 7.00 18.99 1.01 -0.01 0.02 -0.00
137.88 7.00 18.99 1.01 -0.01 0.02 -0.00
137.93 7.00 18.99 1.01 -0.01 0.02 -0.00
137.98 7.00 18.99 1.01 -0.01 0.02 -0.00
138.03 7.00 18.99 1.01 -0.01 0.01 -0.00
138.08 7.00 19.00 1.01 -0.01 0.01 -0.00
138.13 7.00 19.00 1.01 -0.01 0.01 -0.00
138.18 7.00 19.00 1.01 -0.01 0.01 -0.00
138.23 7.00 19.00 1.01 -0.01 0.01 -0.00
138.28 7.00 19.00 1.01 -0.01 0.01 -0.00
138.33 7.00 19.00 1.01 -0.00 0.01 -0.00
138.38 7.00 19.00 1.01 -0.00 0.01 -0.00
138.43 7.00 19.00 1.01 -0.00 0.01 -0.00
138.48 7.00 19.00 1.01 -0.00 0.01 -0.00
138.53 7.00 19.00 1.01 -0.00 0.01 -0.00
138.58 7.00 19.00 1.01 -0.00 0.00 -0.00
138.63 7.00 19.00 1.01 -0.00 0.00 -0.00
138.68 7.00 19.00 1.01 -0.00 0.00 -0.00
138.73 7.00 19.00 1.01 -0.00 0.00 -0.00
138.78 7.00 19.00 1.01 -0.00 0.00 -0.00
138.83 7.00 19.00 1.01 -0.00 0.00 -0.00
138.88 7.00 19.00 1.01 0.00 -0.00 -0.00
138.93 7.00 19.00 1.01 0.00 -0.00 -0.00
138.98 7.00 19.00 1.01 0.00 -0.00 -0.00
139.03 7.00 19.00 1.01 0.00 -0.00 -0.00
139.08 7.00 19.00 1.01 0.00 -0.00 -0.00
139.13 7.00 19.00 1.01 0.00 -0.00 -0.00
139.18 7.00 19.00 1.01 0.00 -0.00 -0.00
139.23 7.00 19.00 1.01 0.00 -0.00 -0.00
139.28 7.00 19.00 1.01 0.00 -0.00 -0.00
139.33 7.00 19.00 1.01 0.00 -0.00 -0.00
139.38 7.00 19.00 1.01 0.00 -0.00 -0.00
139.43 7.00 19.00 1.01 0.00 -0.00 -0.00
139.48 7.00 19.00 1.01 0.00 -0.00 -0.00
139.53 7.00 19.00 1.01 0.00 -0.00 -0.00
139.58 7.00 19.00 1.01 0.00 -0.00 -0.00
139.63 7.00 19.00 1.01 0.00 -0.00 -0.00
139.68 7.00 19.00 1.00 0.00 -0.00 -0.00
139.73 7.00 19.00 1.00 0.00 -0.00 -0.00
139.78 7.00 19.00 1.00 0.00 -0.00 -0.00
139.83 7.00 19.00 1.00 0.00 -0.00 -0.00
139.88 7.00 19.00 1.00 0.00 -0.00 -0.00
139.93 7.00 19.00 1.00 0.00 -0.00 -0.00
139.98 7.00 19.00 1.00 0.00 -0.00 -0.00
140.03 7.00 19.00 1.00 0.00 -0.00 -0.00
140.08 7.00 19.00 1.00 0.00 -0.00 -0.00
140.13 7.00 19.00 1.00 0.00 -0.00 -0.00
140.18 7.00 19.00 1.00 -0.00 -0.00 -0.00

