20.37	-0.00	0.00	1.00
20.37	4.00	5.00	1.00
20.42 0.00 0.00 1.00 0.00 0.00 0.00
20.47 0.00 0.00 1.00 0.11 0.11 -0.03
20.52 0.01 0.01 1.00 0.31 0.29 -0.09
20.57 0.03 0.03 0.99 0.56 0.48 -0.16
20.62 0.07 0.06 0.98 0.82 0.68 -0.21
20.67 0.12 0.10 0.97 1.09 0.89 -0.25
20.72 0.18 0.15 0.96 1.37 1.11 -0.27
20.77 0.25 0.21 0.94 1.65 1.34 -0.28
20.82 0.34 0.28 0.93 1.93 1.58 -0.28
20.87 0.45 0.37 0.91 2.20 1.84 -0.27
20.92 0.56 0.47 0.90 2.46 2.11 -0.26
20.97 0.69 0.58 0.89 2.71 2.39 -0.24
21.02 0.83 0.71 0.88 2.95 2.69 -0.22
21.07 0.99 0.85 0.87 3.18 2.99 -0.20
21.12 1.15 1.01 0.86 3.39 3.31 -0.17
21.17 1.33 1.18 0.85 3.60 3.63 -0.14
21.22 1.51 1.37 0.84 3.78 3.97 -0.12
21.27 1.70 1.58 0.84 3.94 4.31 -0.09
21.32 1.90 1.80 0.83 4.06 4.67 -0.07
21.37 2.11 2.05 0.83 4.19 5.02 -0.05
21.42 2.32 2.31 0.83 4.32 5.36 -0.03
21.47 2.54 2.58 0.83 4.43 5.68 0.00
21.52 2.77 2.87 0.83 4.48 5.92 0.06
21.57 2.99 3.17 0.83 4.47 6.06 0.13
21.62 3.21 3.48 0.84 4.39 6.10 0.19
21.67 3.43 3.78 0.85 4.26 6.04 0.22
21.72 3.64 4.08 0.86 4.10 5.91 0.22
21.77 3.84 4.37 0.87 3.90 5.72 0.18
21.82 4.03 4.65 0.88 3.68 5.49 0.13
21.87 4.20 4.92 0.89 3.45 5.23 0.06
21.92 4.37 5.17 0.89 3.20 4.94 0.01
21.97 4.52 5.41 0.89 2.96 4.64 -0.03
22.02 4.67 5.64 0.89 2.73 4.33 -0.06
22.07 4.80 5.85 0.88 2.50 4.02 -0.07
22.12 4.92 6.04 0.88 2.28 3.71 -0.07
22.17 5.03 6.22 0.88 2.06 3.40 -0.07
22.22 5.12 6.38 0.87 1.85 3.09 -0.07
22.27 5.21 6.53 0.87 1.65 2.77 -0.06
22.32 5.29 6.66 0.87 1.45 2.45 -0.05
22.37 5.36 6.77 0.86 1.27 2.12 -0.04
22.42 5.42 6.87 0.86 1.09 1.80 -0.03
22.47 5.46 6.95 0.86 0.90 1.48 -0.02
22.52 5.51 7.01 0.86 0.72 1.16 -0.01
22.57 5.54 7.06 0.86 0.53 0.84 -0.01
22.62 5.56 7.10 0.86 0.34 0.52 0.00
22.67 5.57 7.12 0.86 0.15 0.21 0.01
22.72 5.57 7.12 0.86 -0.06 -0.09 0.01
22.77 5.56 7.11 0.86 -0.27 -0.39 0.02
22.82 5.54 7.08 0.86 -0.49 -0.69 0.02
22.87 5.52 7.04 0.86 -0.71 -0.98 0.02
22.92 5.47 6.98 0.86 -0.93 -1.27 0.02
22.97 5.42 6.91 0.86 -1.15 -1.56 0.03
23.02 5.36 6.83 0.87 -1.38 -1.84 0.03
23.07 5.28 6.73 0.87 -1.61 -2.12 0.03
23.12 5.20 6.61 0.87 -1.82 -2.38 0.05
23.17 5.10 6.49 0.87 -1.99 -2.59 0.08
23.22 5.00 6.36 0.88 -2.12 -2.76 0.13
23.27 4.89 6.21 0.89 -2.22 -2.88 0.18
23.32 4.78 6.07 0.90 -2.27 -2.94 0.22
23.37 4.66 5.92 0.91 -2.29 -2.96 0.25
23.42 4.55 5.77 0.92 -2.28 -2.94 0.27
23.47 4.44 5.63 0.93 -2.24 -2.89 0.28
23.52 4.33 5.48 0.95 -2.18 -2.81 0.27
23.57 4.22 5.35 0.96 -2.10 -2.71 0.25
23.62 4.12 5.21 0.97 -2.00 -2.58 0.22
23.67 4.02 5.09 0.98 -1.89 -2.44 0.18
23.72 3.93 4.97 0.99 -1.77 -2.29 0.14
23.77 3.84 4.86 1.00 -1.64 -2.12 0.10
23.82 3.76 4.76 1.00 -1.50 -1.94 0.07
23.87 3.69 4.67 1.00 -1.35 -1.75 0.03
23.92 3.63 4.58 1.00 -1.20 -1.56 0.00
23.97 3.57 4.51 1.00 -1.05 -1.36 -0.02
24.02 3.52 4.45 1.00 -0.89 -1.16 -0.04
24.07 3.48 4.39 1.00 -0.74 -0.96 -0.05
24.12 3.45 4.35 1.00 -0.58 -0.76 -0.06
24.17 3.43 4.32 0.99 -0.43 -0.57 -0.06
24.22 3.41 4.30 0.99 -0.28 -0.38 -0.05
24.27 3.40 4.28 0.99 -0.15 -0.20 -0.04
24.32 3.39 4.28 0.99 -0.01 -0.03 -0.03
24.37 3.40 4.28 0.99 0.11 0.13 -0.01
24.42 3.40 4.29 0.99 0.22 0.27 0.00
24.47 3.42 4.31 0.99 0.32 0.40 0.02
24.52 3.44 4.33 0.99 0.41 0.52 0.04
24.57 3.46 4.36 0.99 0.49 0.62 0.06
24.62 3.49 4.39 0.99 0.55 0.70 0.07
24.67 3.51 4.43 1.00 0.61 0.77 0.09
24.72 3.55 4.47 1.00 0.65 0.83 0.10
24.77 3.58 4.51 1.01 0.69 0.87 0.11
24.82 3.61 4.55 1.01 0.71 0.90 0.11
24.87 3.65 4.60 1.02 0.72 0.91 0.11
24.92 3.69 4.64 1.02 0.73 0.92 0.11
24.97 3.72 4.69 1.03 0.72 0.91 0.10
25.02 3.76 4.74 1.03 0.71 0.90 0.10
25.07 3.79 4.78 1.04 0.70 0.88 0.09
25.12 3.83 4.82 1.04 0.67 0.85 0.08
25.17 3.86 4.86 1.05 0.64 0.81 0.07
25.22 3.89 4.90 1.05 0.61 0.77 0.06
25.27 3.92 4.94 1.05 0.58 0.72 0.05
25.32 3.95 4.98 1.06 0.54 0.67 0.04
25.37 3.98 5.01 1.06 0.49 0.62 0.03
25.42 4.00 5.04 1.06 0.45 0.56 0.02
25.47 4.02 5.06 1.06 0.40 0.50 0.01
25.52 4.04 5.09 1.06 0.36 0.44 0.00
25.57 4.06 5.11 1.06 0.31 0.38 -0.00
25.62 4.07 5.13 1.06 0.27 0.32 -0.01
25.67 4.08 5.14 1.06 0.22 0.26 -0.01
25.72 4.09 5.15 1.06 0.18 0.21 -0.01
25.77 4.10 5.16 1.06 0.13 0.15 -0.01
25.82 4.11 5.17 1.06 0.09 0.10 -0.01
25.87 4.11 5.17 1.06 0.05 0.05 -0.01
25.92 4.11 5.17 1.06 0.02 0.00 -0.01
25.97 4.11 5.17 1.06 -0.02 -0.04 -0.01
26.02 4.11 5.17 1.05 -0.05 -0.08 -0.01
26.07 4.11 5.16 1.05 -0.07 -0.11 -0.01
26.12 4.10 5.16 1.05 -0.10 -0.14 -0.01
26.17 4.10 5.15 1.05 -0.12 -0.17 -0.01
26.22 4.09 5.14 1.05 -0.14 -0.19 -0.01
26.27 4.08 5.13 1.05 -0.15 -0.21 -0.00
26.32 4.08 5.12 1.05 -0.16 -0.22 -0.00
26.37 4.07 5.11 1.05 -0.17 -0.24 -0.00
26.42 4.06 5.10 1.05 -0.18 -0.24 -0.00
26.47 4.05 5.08 1.05 -0.18 -0.25 -0.00
26.52 4.04 5.07 1.05 -0.18 -0.25 -0.00
26.57 4.03 5.06 1.05 -0.18 -0.25 -0.00
26.62 4.02 5.05 1.05 -0.18 -0.24 -0.00
26.67 4.01 5.03 1.05 -0.18 -0.24 -0.00
26.72 4.00 5.02 1.05 -0.17 -0.23 -0.00
26.77 4.00 5.01 1.05 -0.16 -0.22 -0.00
26.82 3.99 5.00 1.05 -0.15 -0.20 -0.00
26.87 3.98 4.99 1.05 -0.14 -0.19 -0.01
26.92 3.97 4.98 1.05 -0.13 -0.18 -0.01
26.97 3.97 4.97 1.05 -0.12 -0.16 -0.01
27.02 3.96 4.97 1.05 -0.11 -0.14 -0.01
27.07 3.96 4.96 1.05 -0.09 -0.13 -0.01
27.12 3.95 4.95 1.05 -0.08 -0.11 -0.01
27.17 3.95 4.95 1.05 -0.07 -0.09 -0.01
27.22 3.95 4.94 1.05 -0.06 -0.08 -0.01
27.27 3.94 4.94 1.05 -0.04 -0.06 -0.01
27.32 3.94 4.94 1.05 -0.03 -0.05 -0.01
27.37 3.94 4.94 1.05 -0.02 -0.03 -0.01
27.42 3.94 4.93 1.05 -0.01 -0.02 -0.01
27.47 3.94 4.93 1.05 0.00 -0.00 -0.01
27.52 3.94 4.93 1.05 0.01 0.01 -0.01
27.57 3.94 4.94 1.05 0.02 0.02 -0.01
27.62 3.94 4.94 1.04 0.03 0.03 -0.01
27.67 3.94 4.94 1.04 0.03 0.04 -0.01
27.72 3.94 4.94 1.04 0.04 0.05 -0.01
27.77 3.95 4.94 1.04 0.05 0.06 -0.01
27.82 3.95 4.95 1.04 0.05 0.06 -0.01
27.87 3.95 4.95 1.04 0.05 0.07 -0.01
27.92 3.95 4.95 1.04 0.06 0.07 -0.01
27.97 3.96 4.96 1.04 0.06 0.07 -0.01
28.02 3.96 4.96 1.04 0.06 0.07 -0.01
28.07 3.96 4.96 1.04 0.06 0.08 -0.01
28.12 3.97 4.97 1.04 0.06 0.08 -0.01
28.17 3.97 4.97 1.04 0.06 0.07 -0.01
28.22 3.97 4.97 1.04 0.06 0.07 -0.01
28.27 3.98 4.98 1.04 0.06 0.07 -0.01
28.32 3.98 4.98 1.04 0.06 0.07 -0.01
28.37 3.98 4.99 1.04 0.05 0.07 -0.01
28.42 3.98 4.99 1.04 0.05 0.06 -0.01
28.47 3.99 4.99 1.04 0.05 0.06 -0.01
28.52 3.99 4.99 1.04 0.04 0.05 -0.01
28.57 3.99 5.00 1.04 0.04 0.05 -0.01
28.62 3.99 5.00 1.04 0.04 0.04 -0.01
28.67 4.00 5.00 1.04 0.03 0.04 -0.01
28.72 4.00 5.00 1.04 0.03 0.04 -0.01
28.77 4.00 5.00 1.04 0.03 0.03 -0.01
28.82 4.00 5.01 1.04 0.02 0.03 -0.01
28.87 4.00 5.01 1.04 0.02 0.02 -0.01
28.92 4.00 5.01 1.03 0.02 0.02 -0.01
28.97 4.00 5.01 1.03 0.01 0.01 -0.01
29.02 4.00 5.01 1.03 0.01 0.01 -0.01
29.07 4.00 5.01 1.03 0.01 0.00 -0.01
29.12 4.00 5.01 1.03 0.00 0.00 -0.01

29.16	4.00	5.01	1.03
29.16	4.00	9.00	1.00
29.20 4.00 5.01 1.03 -0.00 -0.00 -0.01
29.25 4.00 5.01 1.03 -0.00 0.11 -0.02
29.30 4.00 5.02 1.03 -0.00 0.32 -0.06
29.35 4.00 5.04 1.03 -0.00 0.57 -0.11
29.40 4.00 5.08 1.02 -0.00 0.85 -0.15
29.45 4.00 5.13 1.01 -0.01 1.15 -0.19
29.50 4.00 5.20 1.00 -0.01 1.46 -0.21
29.55 4.00 5.28 0.99 -0.01 1.78 -0.23
29.60 4.00 5.37 0.98 -0.01 2.11 -0.23
29.65 4.00 5.49 0.97 -0.01 2.45 -0.23
29.70 4.00 5.62 0.96 -0.01 2.79 -0.23
29.75 4.00 5.77 0.94 -0.01 3.14 -0.22
29.80 4.00 5.93 0.93 -0.01 3.49 -0.21
29.85 4.00 6.12 0.92 -0.01 3.85 -0.19
29.90 4.00 6.32 0.91 -0.01 4.20 -0.17
29.95 4.00 6.54 0.91 -0.01 4.55 -0.15
30.00 4.00 6.77 0.90 -0.01 4.85 -0.11
30.05 4.00 7.02 0.90 -0.01 5.07 -0.04
30.10 4.00 7.28 0.90 -0.01 5.20 0.03
30.15 4.00 7.54 0.90 -0.01 5.25 0.09
30.20 4.00 7.80 0.90 -0.01 5.21 0.14
30.25 4.00 8.06 0.91 -0.01 5.11 0.17
30.30 3.99 8.31 0.92 -0.01 4.95 0.17
30.35 3.99 8.56 0.93 -0.01 4.75 0.15
30.40 3.99 8.79 0.94 -0.01 4.52 0.13
30.45 3.99 9.01 0.94 -0.01 4.26 0.09
30.50 3.99 9.21 0.95 -0.01 3.97 0.05
30.55 3.99 9.40 0.95 -0.00 3.67 0.00
30.60 3.99 9.58 0.95 -0.00 3.34 -0.03
30.65 3.99 9.74 0.94 -0.00 3.00 -0.07
30.70 3.99 9.88 0.94 -0.00 2.65 -0.09
30.75 3.99 10.00 0.93 -0.00 2.30 -0.11
30.80 3.99 10.11 0.93 -0.00 1.94 -0.12
30.85 3.99 10.20 0.92 0.00 1.58 -0.12
30.90 3.99 10.27 0.92 0.00 1.23 -0.11
30.95 3.99 10.32 0.91 0.00 0.88 -0.10
31.00 3.99 10.35 0.91 0.00 0.54 -0.08
31.05 3.99 10.37 0.90 0.00 0.22 -0.06
31.10 3.99 10.38 0.90 0.00 -0.08 -0.03
31.15 3.99 10.36 0.90 0.00 -0.36 -0.00
31.20 3.99 10.34 0.90 0.00 -0.61 0.03
31.25 3.99 10.30 0.90 0.00 -0.84 0.07
31.30 3.99 10.26 0.91 0.00 -1.04 0.10
31.35 3.99 10.20 0.91 0.01 -1.21 0.13
31.40 3.99 10.14 0.92 0.01 -1.35 0.16
31.45 3.99 10.06 0.93 0.01 -1.46 0.18
31.50 4.00 9.99 0.94 0.01 -1.55 0.20
31.55 4.00 9.91 0.95 0.01 -1.61 0.21
31.60 4.00 9.83 0.96 0.01 -1.65 0.21
31.65 4.00 9.75 0.97 0.01 -1.67 0.21
31.70 4.00 9.66 0.98 0.01 -1.67 0.21
31.75 4.00 9.58 0.99 0.01 -1.65 0.20
31.80 4.00 9.50 1.00 0.00 -1.62 0.19
31.85 4.00 9.42 1.01 0.00 -1.57 0.17
31.90 4.00 9.34 1.02 0.00 -1.51 0.15
31.95 4.00 9.27 1.02 0.00 -1.44 0.13
32.00 4.00 9.20 1.03 0.00 -1.36 0.11
32.05 4.00 9.13 1.03 0.00 -1.27 0.09
32.10 4.00 9.07 1.04 0.00 -1.18 0.07
32.15 4.00 9.01 1.04 0.00 -1.08 0.05
32.20 4.00 8.96 1.04 0.00 -0.97 0.04
32.25 4.00 8.92 1.05 0.00 -0.87 0.02
32.30 4.00 8.88 1.05 0.00 -0.76 0.01
32.35 4.00 8.84 1.05 0.00 -0.65 0.00
32.40 4.00 8.81 1.05 0.00 -0.55 -0.01
32.45 4.00 8.79 1.05 0.00 -0.44 -0.01
32.50 4.00 8.77 1.05 0.00 -0.34 -0.01
32.55 4.00 8.75 1.04 0.00 -0.25 -0.02
32.60 4.00 8.74 1.04 0.00 -0.15 -0.02
32.65 4.00 8.74 1.04 0.00 -0.07 -0.01
32.70 4.00 8.74 1.04 0.00 0.01 -0.01
32.75 4.00 8.74 1.04 0.00 0.09 -0.01
32.80 4.00 8.74 1.04 0.00 0.15 -0.01
32.85 4.00 8.75 1.04 -0.00 0.21 -0.00
32.90 4.00 8.76 1.04 -0.00 0.26 -0.00
32.95 4.00 8.78 1.04 -0.00 0.31 0.00
33.00 4.00 8.80 1.04 -0.00 0.35 0.00
33.05 4.00 8.81 1.04 -0.00 0.38 0.01
33.10 4.00 8.83 1.04 -0.00 0.40 0.01
33.15 4.00 8.85 1.04 -0.00 0.42 0.01
33.20 4.00 8.88 1.04 -0.00 0.43 0.01
33.25 4.00 8.90 1.04 -0.00 0.43 0.01
33.30 4.00 8.92 1.04 -0.00 0.43 0.01
33.35 4.00 8.94 1.04 -0.00 0.43 0.01
33.40 4.00 8.96 1.04 -0.00 0.42 0.01
33.45 4.00 8.98 1.05 -0.00 0.40 0.01
33.50 4.00 9.00 1.05 -0.00 0.39 0.00
33.55 4.00 9.02 1.05 -0.00 0.37 0.00
33.60 4.00 9.04 1.05 -0.00 0.34 0.00
33.65 4.00 9.05 1.05 -0.00 0.32 -0.00
33.70 4.00 9.07 1.05 -0.00 0.29 -0.00
33.75 4.00 9.08 1.05 0.00 0.26 -0.00
33.80 4.00 9.10 1.05 0.00 0.23 -0.00
33.85 4.00 9.11 1.05 0.00 0.20 -0.01
33.90 4.00 9.12 1.04 0.00 0.17 -0.01
33.95 4.00 9.12 1.04 0.00 0.14 -0.01
34.00 4.00 9.13 1.04 0.00 0.11 -0.01
34.05 4.00 9.13 1.04 0.00 0.08 -0.01
34.10 4.00 9.14 1.04 0.00 0.06 -0.01
34.15 4.00 9.14 1.04 0.00 0.03 -0.01
34.20 4.00 9.14 1.04 0.00 0.01 -0.01
34.25 4.00 9.14 1.04 0.00 -0.02 -0.01
34.30 4.00 9.14 1.04 0.00 -0.04 -0.01
34.35 4.00 9.14 1.04 0.00 -0.06 -0.01
34.40 4.00 9.13 1.04 0.00 -0.07 -0.01
34.45 4.00 9.13 1.04 0.00 -0.09 -0.01
34.50 4.00 9.13 1.04 0.00 -0.10 -0.01
34.55 4.00 9.12 1.04 0.00 -0.12 -0.01
34.60 4.00 9.11 1.04 0.00 -0.12 -0.01
34.65 4.00 9.11 1.04 0.00 -0.13 -0.01
34.70 4.00 9.10 1.04 0.00 -0.14 -0.01
34.75 4.00 9.09 1.04 0.00 -0.14 -0.01
34.80 4.00 9.09 1.04 0.00 -0.14 -0.01
34.85 4.00 9.08 1.04 0.00 -0.14 -0.01
34.90 4.00 9.07 1.04 0.00 -0.14 -0.01
34.95 4.00 9.06 1.04 0.00 -0.14 -0.01
35.00 4.00 9.06 1.04 0.00 -0.14 -0.01
35.05 4.00 9.05 1.04 0.00 -0.13 -0.01
35.10 4.00 9.04 1.04 0.00 -0.13 -0.01
35.15 4.00 9.04 1.04 0.00 -0.12 -0.01
35.20 4.00 9.03 1.04 0.00 -0.11 -0.01
35.25 4.00 9.03 1.04 0.00 -0.11 -0.01
35.30 4.00 9.02 1.03 0.00 -0.10 -0.01
35.35 4.00 9.02 1.03 0.00 -0.09 -0.01
35.40 4.00 9.01 1.03 0.00 -0.08 -0.01
35.45 4.00 9.01 1.03 0.00 -0.07 -0.01
35.50 4.00 9.00 1.03 0.00 -0.06 -0.01
35.55 4.00 9.00 1.03 0.00 -0.06 -0.01
35.60 4.00 9.00 1.03 0.00 -0.05 -0.01
35.65 4.00 9.00 1.03 0.00 -0.04 -0.01
35.70 4.00 9.00 1.03 0.00 -0.03 -0.01
35.75 4.00 8.99 1.03 0.00 -0.02 -0.01
35.80 4.00 8.99 1.03 0.00 -0.02 -0.01
35.85 4.00 8.99 1.03 0.00 -0.01 -0.01
35.90 4.00 8.99 1.03 0.00 -0.00 -0.01

35.93	4.00	8.99	1.03
35.93	8.00	9.00	1.00
35.98 4.00 8.99 1.03 0.00 0.01 -0.01
36.03 4.00 8.99 1.03 0.12 0.01 -0.02
36.08 4.01 8.99 1.03 0.33 0.01 -0.06
36.13 4.04 8.99 1.02 0.58 0.01 -0.11
36.18 4.07 8.99 1.02 0.86 0.01 -0.15
36.23 4.12 9.00 1.01 1.16 0.02 -0.19
36.28 4.19 9.00 1.00 1.47 0.02 -0.21
36.33 4.27 9.00 0.99 1.79 0.02 -0.23
36.38 4.37 9.00 0.98 2.12 0.02 -0.23
36.43 4.48 9.00 0.96 2.46 0.02 -0.23
36.48 4.61 9.00 0.95 2.81 0.02 -0.23
36.53 4.76 9.00 0.94 3.15 0.02 -0.22
36.58 4.93 9.00 0.93 3.51 0.02 -0.21
36.63 5.12 9.00 0.92 3.86 0.02 -0.19
36.68 5.32 9.00 0.91 4.22 0.02 -0.17
36.73 5.54 9.01 0.90 4.57 0.02 -0.15
36.78 5.77 9.01 0.90 4.87 0.02 -0.10
36.83 6.02 9.01 0.89 5.09 0.02 -0.04
36.88 6.28 9.01 0.89 5.22 0.02 0.03
36.93 6.54 9.01 0.90 5.26 0.02 0.09
36.98 6.81 9.01 0.90 5.22 0.02 0.14
37.03 7.06 9.01 0.91 5.12 0.02 0.17
37.08 7.32 9.01 0.92 4.96 0.02 0.17
37.13 7.56 9.01 0.93 4.76 0.02 0.15
37.18 7.79 9.01 0.93 4.53 0.01 0.12
37.23 8.01 9.01 0.94 4.26 0.01 0.09
37.28 8.22 9.02 0.94 3.98 0.01 0.04
37.33 8.41 9.02 0.94 3.67 0.01 0.00
37.38 8.58 9.02 0.94 3.35 0.01 -0.04
37.43 8.74 9.02 0.94 3.01 0.00 -0.07
37.48 8.88 9.02 0.94 2.66 0.00 -0.09
37.53 8.98 9.02 0.91 1.50 0.17 -0.48
37.58 9.03 9.03 0.89 0.87 0.20 -0.43
37.63 9.06 9.04 0.87 0.27 0.26 -0.37
37.68 9.06 9.06 0.85 -0.28 0.34 -0.31
37.73 9.04 9.08 0.84 -0.72 0.40 -0.23
37.78 8.99 9.10 0.83 -1.03 0.43 -0.11
37.83 8.93 9.12 0.83 -1.23 0.41 0.01
37.88 8.87 9.14 0.83 -1.33 0.37 0.12
37.93 8.80 9.16 0.84 -1.38 0.31 0.20
37.98 8.73 9.17 0.85 -1.38 0.25 0.26
38.03 8.66 9.18 0.86 -1.36 0.19 0.30
38.08 8.60 9.19 0.88 -1.31 0.12 0.33
38.13 8.53 9.19 0.90 -1.26 0.06 0.33
38.18 8.47 9.20 0.91 -1.20 0.01 0.33
38.23 8.41 9.19 0.93 -1.13 -0.05 0.32
38.28 8.36 9.19 0.95 -1.05 -0.09 0.31
38.33 8.31 9.19 0.96 -0.97 -0.14 0.28
38.38 8.26 9.18 0.97 -0.89 -0.17 0.26
38.43 8.22 9.17 0.99 -0.81 -0.21 0.24
38.48 8.18 9.16 1.00 -0.73 -0.23 0.21
38.53 8.15 9.15 1.01 -0.65 -0.26 0.19
38.58 8.12 9.13 1.02 -0.56 -0.28 0.16
38.63 8.09 9.12 1.02 -0.48 -0.29 0.14
38.68 8.07 9.10 1.03 -0.40 -0.30 0.12
38.73 8.05 9.09 1.04 -0.33 -0.31 0.10
38.78 8.04 9.07 1.04 -0.25 -0.31 0.08
38.83 8.03 9.06 1.04 -0.18 -0.31 0.07
38.88 8.02 9.04 1.05 -0.12 -0.31 0.06
38.93 8.01 9.02 1.05 -0.06 -0.30 0.05
38.98 8.01 9.01 1.05 -0.00 -0.29 0.04
39.03 8.01 9.00 1.05 0.05 -0.28 0.03
39.08 8.02 8.98 1.05 0.10 -0.27 0.02
39.13 8.02 8.97 1.06 0.14 -0.25 0.02
39.18 8.03 8.96 1.06 0.17 -0.23 0.01
39.23 8.04 8.95 1.06 0.20 -0.21 0.01
39.28 8.05 8.94 1.06 0.22 -0.19 0.00
39.33 8.06 8.93 1.06 0.24 -0.17 0.00
39.38 8.07 8.92 1.06 0.25 -0.15 -0.00
39.43 8.09 8.91 1.06 0.26 -0.12 -0.00
39.48 8.10 8.91 1.06 0.26 -0.10 -0.00
39.53 8.11 8.90 1.06 0.26 -0.08 -0.01
39.58 8.13 8.90 1.06 0.26 -0.06 -0.01
39.63 8.14 8.90 1.06 0.25 -0.04 -0.01
39.68 8.15 8.89 1.06 0.24 -0.02 -0.01
39.73 8.16 8.89 1.06 0.23 -0.00 -0.01
39.78 8.17 8.89 1.05 0.21 0.01 -0.01
39.83 8.18 8.90 1.05 0.19 0.03 -0.01
39.88 8.19 8.90 1.05 0.17 0.04 -0.01
39.93 8.20 8.90 1.05 0.15 0.06 -0.01
39.98 8.21 8.90 1.05 0.13 0.07 -0.01
40.03 8.21 8.91 1.05 0.11 0.08 -0.01
40.08 8.22 8.91 1.05 0.09 0.09 -0.01
40.13 8.22 8.92 1.05 0.07 0.09 -0.01
40.18 8.23 8.92 1.05 0.04 0.10 -0.01
40.23 8.23 8.93 1.05 0.02 0.10 -0.01
40.28 8.23 8.93 1.05 0.00 0.11 -0.01
40.33 8.23 8.94 1.05 -0.02 0.11 -0.01
40.38 8.23 8.94 1.05 -0.04 0.11 -0.01
40.43 8.22 8.95 1.05 -0.06 0.11 -0.01
40.48 8.22 8.95 1.05 -0.07 0.11 -0.01
40.53 8.22 8.96 1.05 -0.09 0.10 -0.01
40.58 8.21 8.96 1.05 -0.10 0.10 -0.01
40.63 8.21 8.97 1.05 -0.11 0.10 -0.01
40.68 8.20 8.97 1.05 -0.12 0.09 -0.01
40.73 8.19 8.98 1.04 -0.13 0.09 -0.01
40.78 8.19 8.98 1.04 -0.14 0.08 -0.01
40.83 8.18 8.98 1.04 -0.15 0.07 -0.01
40.88 8.17 8.99 1.04 -0.15 0.07 -0.01
40.93 8.17 8.99 1.04 -0.15 0.06 -0.01
40.98 8.16 8.99 1.04 -0.15 0.05 -0.01
41.03 8.15 9.00 1.04 -0.15 0.05 -0.01
41.08 8.14 9.00 1.04 -0.15 0.04 -0.01
41.13 8.13 9.00 1.04 -0.15 0.03 -0.01
41.18 8.13 9.00 1.04 -0.15 0.03 -0.01
41.23 8.12 9.00 1.04 -0.14 0.02 -0.01
41.28 8.11 9.00 1.04 -0.14 0.02 -0.01
41.33 8.11 9.00 1.04 -0.13 0.01 -0.01
41.38 8.10 9.01 1.04 -0.13 0.01 -0.01
41.43 8.09 9.01 1.04 -0.12 0.00 -0.01
41.48 8.09 9.01 1.04 -0.11 -0.00 -0.01
41.53 8.08 9.01 1.04 -0.11 -0.01 -0.01
41.58 8.08 9.00 1.04 -0.10 -0.01 -0.01
41.63 8.07 9.00 1.04 -0.09 -0.01 -0.01
41.68 8.07 9.00 1.04 -0.08 -0.01 -0.01
41.73 8.06 9.00 1.04 -0.08 -0.02 -0.01
41.78 8.06 9.00 1.04 -0.07 -0.02 -0.01
41.83 8.06 9.00 1.04 -0.06 -0.02 -0.01
41.88 8.05 9.00 1.04 -0.05 -0.02 -0.01
41.93 8.05 9.00 1.04 -0.05 -0.02 -0.01
41.98 8.05 9.00 1.04 -0.04 -0.02 -0.01
42.03 8.05 9.00 1.04 -0.03 -0.02 -0.01
42.08 8.05 9.00 1.03 -0.03 -0.02 -0.01
42.13 8.04 8.99 1.03 -0.02 -0.02 -0.01
42.18 8.04 8.99 1.03 -0.02 -0.02 -0.01
42.23 8.04 8.99 1.03 -0.01 -0.02 -0.01
42.28 8.04 8.99 1.03 -0.01 -0.02 -0.01
42.33 8.04 8.99 1.03 -0.01 -0.02 -0.01
42.38 8.04 8.99 1.03 -0.00 -0.01 -0.01
42.43 8.04 8.99 1.03 -0.00 -0.01 -0.01
42.48 8.04 8.99 1.03 0.00 -0.01 -0.01
42.53 8.04 8.99 1.03 0.00 -0.01 -0.01
42.58 8.04 8.99 1.03 0.00 -0.01 -0.01
42.63 8.04 8.99 1.03 0.00 -0.01 -0.01
42.68 8.04 8.99 1.03 0.00 -0.01 -0.01

42.83	8.04	8.99	1.03
42.83	10.00	13.00	1.00
42.88 8.04 8.99 1.03 0.01 0.01 -0.01
42.93 8.05 8.99 1.03 0.14 0.15 -0.04
42.98 8.06 9.00 1.02 0.32 0.36 -0.11
43.03 8.08 9.03 1.02 0.51 0.60 -0.17
43.08 8.11 9.06 1.01 0.70 0.87 -0.22
43.13 8.15 9.11 1.00 0.87 1.16 -0.24
43.18 8.20 9.18 0.98 1.05 1.46 -0.26
43.23 8.25 9.26 0.97 1.21 1.77 -0.26
43.28 8.32 9.36 0.96 1.37 2.09 -0.26
43.33 8.39 9.47 0.94 1.51 2.43 -0.25
43.38 8.47 9.60 0.93 1.64 2.77 -0.24
43.43 8.55 9.75 0.92 1.76 3.12 -0.22
43.48 8.64 9.91 0.91 1.86 3.47 -0.20
43.53 8.74 10.10 0.90 1.96 3.82 -0.18
43.58 8.84 10.30 0.89 2.08 4.17 -0.16
43.63 8.95 10.51 0.89 2.20 4.52 -0.13
43.68 9.06 10.75 0.88 2.31 4.83 -0.09
43.73 9.18 11.00 0.88 2.39 5.07 -0.03
43.78 9.30 11.25 0.88 2.42 5.22 0.04
43.83 9.42 11.52 0.88 2.42 5.28 0.11
43.88 9.54 11.78 0.89 2.38 5.25 0.17
43.93 9.66 12.04 0.90 2.32 5.16 0.19
43.98 9.77 12.29 0.91 2.23 5.01 0.19
44.03 9.88 12.54 0.92 2.12 4.82 0.17
44.08 9.99 12.78 0.92 2.00 4.59 0.13
44.13 10.08 13.00 0.93 1.88 4.34 0.09
44.18 10.17 13.21 0.93 1.74 4.06 0.04
44.23 10.26 13.40 0.93 1.59 3.75 -0.01
44.28 10.33 13.58 0.93 1.44 3.43 -0.05
44.33 10.40 13.75 0.93 1.28 3.10 -0.08
44.38 10.46 13.89 0.92 1.13 2.77 -0.10
44.43 10.51 14.02 0.92 0.98 2.43 -0.11
44.48 10.56 14.14 0.91 0.83 2.09 -0.11
44.53 10.60 14.23 0.91 0.69 1.76 -0.11
44.58 10.63 14.31 0.90 0.54 1.42 -0.10
44.63 10.65 14.37 0.90 0.39 1.08 -0.09
44.68 10.67 14.42 0.89 0.24 0.75 -0.08
44.73 10.67 14.45 0.89 0.09 0.41 -0.07
44.78 10.67 14.46 0.89 -0.05 0.08 -0.06
44.83 10.67 14.45 0.88 -0.19 -0.23 -0.03
44.88 10.66 14.44 0.88 -0.32 -0.52 -0.01
44.93 10.64 14.40 0.88 -0.43 -0.79 0.03
44.98 10.61 14.36 0.89 -0.53 -1.02 0.07
45.03 10.58 14.30 0.89 -0.62 -1.22 0.10
45.08 10.55 14.24 0.90 -0.69 -1.39 0.14
45.13 10.52 14.16 0.90 -0.74 -1.53 0.17
45.18 10.48 14.08 0.91 -0.79 -1.64 0.20
45.23 10.44 14.00 0.92 -0.82 -1.72 0.22
45.28 10.40 13.91 0.94 -0.83 -1.78 0.24
45.33 10.35 13.82 0.95 -0.84 -1.81 0.25
45.38 10.31 13.73 0.96 -0.84 -1.81 0.25
45.43 10.27 13.64 0.97 -0.83 -1.80 0.24
