15.57	-0.00	0.00	1.00
15.57	4.00	5.00	1.00
15.60 -0.00 0.00 1.00 0.00 -0.00 0.00
15.65 0.00 0.00 1.00 0.07 0.08 -0.02
15.70 0.01 0.01 1.00 0.24 0.26 -0.07
15.75 0.03 0.03 0.99 0.42 0.47 -0.13
15.80 0.05 0.06 0.98 0.60 0.68 -0.17
15.85 0.09 0.10 0.98 0.77 0.88 -0.18
15.90 0.13 0.15 0.97 0.92 1.07 -0.18
15.95 0.18 0.20 0.96 1.05 1.24 -0.17
16.00 0.23 0.27 0.95 1.17 1.39 -0.15
16.05 0.29 0.34 0.94 1.27 1.53 -0.13
16.10 0.36 0.42 0.94 1.37 1.66 -0.11
16.15 0.43 0.51 0.93 1.45 1.77 -0.09
16.20 0.51 0.60 0.93 1.53 1.87 -0.07
16.25 0.58 0.69 0.92 1.59 1.96 -0.05
16.30 0.66 0.79 0.92 1.65 2.04 -0.03
16.35 0.75 0.90 0.92 1.71 2.11 -0.02
16.40 0.84 1.01 0.92 1.75 2.18 -0.01
16.45 0.92 1.12 0.92 1.80 2.24 0.01
16.50 1.02 1.23 0.92 1.84 2.30 0.02
16.55 1.11 1.35 0.92 1.87 2.35 0.03
16.60 1.20 1.46 0.92 1.91 2.39 0.03
16.65 1.30 1.58 0.93 1.93 2.43 0.04
16.70 1.40 1.71 0.93 1.96 2.47 0.05
16.75 1.49 1.83 0.93 1.98 2.50 0.05
16.80 1.59 1.96 0.93 2.00 2.53 0.05
16.85 1.69 2.08 0.94 2.02 2.55 0.06
16.90 1.80 2.21 0.94 2.04 2.58 0.06
16.95 1.90 2.34 0.94 2.05 2.60 0.06
17.00 2.00 2.47 0.94 2.06 2.61 0.06
17.05 2.10 2.60 0.95 2.07 2.63 0.07
17.10 2.21 2.73 0.95 2.08 2.64 0.07
17.15 2.31 2.87 0.95 2.09 2.65 0.07
17.20 2.42 3.00 0.96 2.10 2.66 0.07
17.25 2.52 3.13 0.96 2.10 2.67 0.07
17.30 2.63 3.27 0.97 2.11 2.68 0.07
17.35 2.73 3.40 0.97 2.11 2.68 0.07
17.40 2.84 3.53 0.97 2.11 2.68 0.07
17.45 2.94 3.67 0.98 2.11 2.69 0.07
17.50 3.05 3.80 0.98 2.12 2.69 0.07
17.55 3.16 3.94 0.98 2.12 2.69 0.06
17.60 3.26 4.07 0.98 2.11 2.68 0.06
17.65 3.37 4.21 0.99 2.08 2.65 0.06
17.70 3.47 4.34 0.99 2.04 2.59 0.05
17.75 3.57 4.46 0.99 1.97 2.50 0.03
17.80 3.67 4.59 0.99 1.88 2.39 0.01
17.85 3.76 4.70 0.99 1.78 2.26 -0.01
17.90 3.84 4.81 0.99 1.66 2.11 -0.03
17.95 3.92 4.91 0.99 1.54 1.95 -0.06
18.00 4.00 5.01 0.99 1.41 1.78 -0.08
18.05 4.06 5.09 0.98 1.27 1.61 -0.09
18.10 4.12 5.17 0.98 1.12 1.42 -0.10
18.15 4.18 5.23 0.97 0.98 1.24 -0.11
18.20 4.22 5.29 0.97 0.83 1.05 -0.11
18.25 4.26 5.34 0.96 0.69 0.87 -0.11
18.30 4.29 5.38 0.96 0.55 0.69 -0.10
18.35 4.31 5.41 0.95 0.41 0.52 -0.09
18.40 4.33 5.43 0.95 0.28 0.35 -0.07
18.45 4.34 5.44 0.94 0.16 0.19 -0.05
18.50 4.35 5.45 0.94 0.04 0.05 -0.04
18.55 4.35 5.45 0.94 -0.06 -0.09 -0.02
18.60 4.34 5.44 0.94 -0.16 -0.21 0.01
18.65 4.33 5.43 0.94 -0.25 -0.32 0.03
18.70 4.32 5.41 0.94 -0.32 -0.41 0.04
18.75 4.30 5.39 0.95 -0.39 -0.50 0.06
18.80 4.28 5.36 0.95 -0.44 -0.57 0.07
18.85 4.26 5.33 0.95 -0.49 -0.62 0.09
18.90 4.23 5.30 0.96 -0.52 -0.67 0.09
18.95 4.20 5.26 0.96 -0.55 -0.70 0.10
19.00 4.18 5.23 0.97 -0.56 -0.72 0.10
19.05 4.15 5.19 0.97 -0.57 -0.73 0.10
19.10 4.12 5.15 0.98 -0.58 -0.74 0.10
19.15 4.09 5.12 0.98 -0.57 -0.73 0.10
19.20 4.06 5.08 0.99 -0.56 -0.71 0.09
19.25 4.03 5.05 0.99 -0.54 -0.69 0.08
19.30 4.01 5.01 1.00 -0.52 -0.67 0.08
19.35 3.98 4.98 1.00 -0.50 -0.63 0.07
19.40 3.96 4.95 1.00 -0.47 -0.60 0.06
19.45 3.93 4.92 1.01 -0.43 -0.55 0.05
19.50 3.91 4.89 1.01 -0.40 -0.51 0.04
19.55 3.89 4.87 1.01 -0.36 -0.46 0.03
19.60 3.88 4.85 1.01 -0.32 -0.41 0.02
19.65 3.86 4.83 1.01 -0.28 -0.36 0.02
19.70 3.85 4.81 1.01 -0.24 -0.31 0.01
19.75 3.84 4.80 1.01 -0.20 -0.26 0.01
19.80 3.83 4.78 1.01 -0.17 -0.21 0.00
19.85 3.82 4.78 1.01 -0.13 -0.16 -0.00
19.90 3.82 4.77 1.01 -0.09 -0.11 -0.00
19.95 3.81 4.76 1.01 -0.05 -0.07 -0.00
20.00 3.81 4.76 1.01 -0.02 -0.02 -0.00
20.05 3.81 4.76 1.01 0.01 0.02 -0.00
20.10 3.81 4.76 1.01 0.04 0.05 -0.00
20.15 3.81 4.77 1.01 0.07 0.09 -0.00
20.20 3.82 4.77 1.01 0.09 0.12 -0.00
20.25 3.82 4.78 1.01 0.11 0.15 -0.00
20.30 3.83 4.79 1.01 0.13 0.17 -0.00
20.35 3.84 4.80 1.01 0.15 0.19 0.00
20.40 3.85 4.81 1.01 0.16 0.21 0.00
20.45 3.85 4.82 1.01 0.17 0.22 0.00
20.50 3.86 4.83 1.01 0.18 0.23 0.00
20.55 3.87 4.84 1.01 0.19 0.24 0.00
20.60 3.88 4.85 1.01 0.19 0.25 0.00
20.65 3.89 4.86 1.01 0.19 0.25 0.00
20.70 3.90 4.88 1.01 0.19 0.25 0.00
20.75 3.91 4.89 1.01 0.19 0.24 0.00
20.80 3.92 4.90 1.01 0.19 0.24 0.00
20.85 3.93 4.91 1.01 0.18 0.23 0.00
20.90 3.94 4.92 1.01 0.17 0.22 0.00
20.95 3.95 4.93 1.01 0.17 0.21 0.00
21.00 3.95 4.95 1.01 0.16 0.20 0.00
21.05 3.96 4.95 1.01 0.15 0.19 0.00
21.10 3.97 4.96 1.01 0.14 0.17 -0.00
21.15 3.98 4.97 1.01 0.13 0.16 -0.00
21.20 3.98 4.98 1.01 0.11 0.14 -0.00
21.25 3.99 4.99 1.01 0.10 0.13 -0.00
21.30 3.99 4.99 1.01 0.09 0.11 -0.00
21.35 4.00 5.00 1.01 0.08 0.10 -0.00
21.40 4.00 5.00 1.01 0.07 0.08 -0.00
21.45 4.00 5.01 1.01 0.06 0.07 -0.00
21.50 4.01 5.01 1.01 0.04 0.06 -0.00
21.55 4.01 5.01 1.01 0.03 0.04 -0.00
21.60 4.01 5.01 1.01 0.02 0.03 -0.00
21.65 4.01 5.01 1.01 0.02 0.02 -0.00
21.70 4.01 5.02 1.01 0.01 0.01 -0.00
21.75 4.01 5.02 1.01 -0.00 -0.00 -0.00

21.86	4.01	5.01	1.01
21.86	4.00	9.00	1.00
21.89 4.01 5.01 1.01 -0.02 -0.03 -0.00
21.94 4.01 5.01 1.01 -0.02 0.05 -0.01
21.99 4.01 5.02 1.01 -0.03 0.24 -0.04
22.04 4.01 5.04 1.01 -0.03 0.48 -0.08
22.09 4.00 5.07 1.00 -0.03 0.72 -0.11
22.14 4.00 5.11 1.00 -0.03 0.95 -0.13
22.19 4.00 5.16 0.99 -0.03 1.18 -0.13
22.24 4.00 5.23 0.98 -0.03 1.39 -0.13
22.29 4.00 5.30 0.98 -0.04 1.59 -0.12
22.34 4.00 5.39 0.97 -0.04 1.77 -0.11
22.39 3.99 5.48 0.97 -0.04 1.94 -0.10
22.44 3.99 5.58 0.96 -0.04 2.10 -0.08
22.49 3.99 5.69 0.96 -0.04 2.24 -0.06
22.54 3.99 5.81 0.96 -0.04 2.36 -0.04
22.59 3.99 5.93 0.95 -0.04 2.48 -0.03
22.64 3.98 6.05 0.95 -0.03 2.59 -0.01
22.69 3.98 6.18 0.95 -0.03 2.68 0.00
22.74 3.98 6.32 0.95 -0.03 2.77 0.02
22.79 3.98 6.46 0.95 -0.03 2.85 0.03
22.84 3.98 6.61 0.96 -0.03 2.92 0.04
22.89 3.98 6.75 0.96 -0.03 2.98 0.05
22.94 3.98 6.90 0.96 -0.02 3.04 0.06
22.99 3.97 7.06 0.96 -0.02 3.09 0.06
23.04 3.97 7.21 0.97 -0.02 3.14 0.07
23.09 3.97 7.37 0.97 -0.01 3.18 0.07
23.14 3.97 7.53 0.97 -0.01 3.22 0.08
23.19 3.97 7.69 0.98 -0.01 3.25 0.08
23.24 3.97 7.86 0.98 -0.00 3.26 0.08
23.29 3.97 8.02 0.99 0.00 3.24 0.08
23.34 3.97 8.18 0.99 0.01 3.18 0.07
23.39 3.97 8.34 0.99 0.01 3.08 0.06
23.44 3.97 8.49 1.00 0.01 2.96 0.04
23.49 3.97 8.63 1.00 0.01 2.81 0.02
23.54 3.97 8.77 1.00 0.02 2.64 -0.00
23.59 3.98 8.89 1.00 0.02 2.45 -0.03
23.64 3.98 9.01 0.99 0.02 2.25 -0.05
23.69 3.98 9.12 0.99 0.02 2.04 -0.06
23.74 3.98 9.22 0.99 0.02 1.83 -0.08
23.79 3.98 9.30 0.98 0.02 1.60 -0.09
23.84 3.98 9.38 0.98 0.02 1.38 -0.09
23.89 3.98 9.44 0.97 0.02 1.16 -0.09
23.94 3.98 9.49 0.97 0.02 0.94 -0.09
23.99 3.98 9.53 0.97 0.02 0.73 -0.08
24.04 3.99 9.56 0.96 0.02 0.52 -0.07
24.09 3.99 9.58 0.96 0.02 0.32 -0.06
24.14 3.99 9.60 0.96 0.02 0.14 -0.04
24.19 3.99 9.60 0.95 0.02 -0.03 -0.02
24.24 3.99 9.59 0.95 0.02 -0.19 -0.00
24.29 3.99 9.58 0.95 0.02 -0.33 0.01
24.34 3.99 9.56 0.96 0.02 -0.45 0.03
24.39 3.99 9.54 0.96 0.02 -0.56 0.05
24.44 3.99 9.50 0.96 0.02 -0.66 0.06
24.49 3.99 9.47 0.96 0.01 -0.73 0.07
24.54 4.00 9.43 0.97 0.01 -0.80 0.08
24.59 4.00 9.39 0.97 0.01 -0.84 0.09
24.64 4.00 9.35 0.98 0.01 -0.88 0.09
24.69 4.00 9.30 0.98 0.01 -0.90 0.09
24.74 4.00 9.26 0.99 0.01 -0.91 0.09
24.79 4.00 9.21 0.99 0.01 -0.91 0.09
24.84 4.00 9.17 0.99 0.00 -0.90 0.08
24.89 4.00 9.12 1.00 0.00 -0.88 0.08
24.94 4.00 9.08 1.00 0.00 -0.85 0.07
24.99 4.00 9.04 1.01 0.00 -0.81 0.06
25.04 4.00 9.00 1.01 0.00 -0.77 0.06
25.09 4.00 8.96 1.01 0.00 -0.72 0.05
25.14 4.00 8.93 1.01 -0.00 -0.67 0.04
25.19 4.00 8.89 1.01 -0.00 -0.61 0.03
25.24 4.00 8.87 1.02 -0.00 -0.55 0.02
25.29 4.00 8.84 1.02 -0.00 -0.49 0.02
25.34 4.00 8.82 1.02 -0.00 -0.43 0.01
25.39 4.00 8.80 1.02 -0.00 -0.37 0.01
25.44 4.00 8.78 1.02 -0.00 -0.31 0.00
25.49 4.00 8.77 1.02 -0.00 -0.25 -0.00
25.54 4.00 8.75 1.02 -0.00 -0.19 -0.00
25.59 4.00 8.75 1.02 -0.00 -0.13 -0.00
25.64 4.00 8.74 1.02 -0.00 -0.08 -0.00
25.69 4.00 8.74 1.02 -0.00 -0.03 -0.01
25.74 4.00 8.74 1.02 -0.00 0.02 -0.01
25.79 4.00 8.74 1.02 -0.00 0.07 -0.00
25.84 4.00 8.75 1.02 -0.00 0.11 -0.00
25.89 4.00 8.75 1.02 -0.00 0.14 -0.00
25.94 4.00 8.76 1.02 -0.00 0.18 -0.00
25.99 4.00 8.77 1.02 -0.00 0.20 -0.00
26.04 4.00 8.78 1.02 -0.00 0.23 -0.00
26.09 4.00 8.79 1.02 -0.00 0.25 0.00
26.14 4.00 8.80 1.02 -0.00 0.26 0.00
26.19 4.00 8.82 1.02 -0.00 0.28 0.00
26.24 4.00 8.83 1.02 -0.00 0.28 0.00
26.29 4.00 8.85 1.02 -0.00 0.29 0.00
26.34 4.00 8.86 1.02 0.00 0.29 0.00
26.39 4.00 8.88 1.02 0.00 0.29 0.00
26.44 4.00 8.89 1.02 0.00 0.28 0.00
26.49 4.00 8.90 1.02 0.00 0.28 0.00
26.54 4.00 8.92 1.02 0.00 0.27 0.00
26.59 4.00 8.93 1.02 0.00 0.26 0.00
26.64 4.00 8.94 1.02 0.00 0.24 0.00
26.69 4.00 8.95 1.02 0.00 0.23 -0.00
26.74 4.00 8.97 1.02 0.00 0.21 -0.00
26.79 4.00 8.98 1.02 0.00 0.20 -0.00
26.84 4.00 8.98 1.02 0.00 0.18 -0.00
26.89 4.00 8.99 1.02 0.00 0.16 -0.00
26.94 4.00 9.00 1.02 0.00 0.14 -0.00
26.99 4.00 9.01 1.02 0.00 0.12 -0.00
27.04 4.00 9.01 1.02 0.00 0.11 -0.00
27.09 4.00 9.02 1.02 0.00 0.09 -0.00
27.14 4.00 9.02 1.02 0.00 0.07 -0.00
27.19 4.00 9.03 1.02 0.00 0.06 -0.00
27.24 4.00 9.03 1.02 0.00 0.04 -0.00
27.29 4.00 9.03 1.02 0.00 0.03 -0.00
27.34 4.00 9.03 1.02 0.00 0.01 -0.00
27.39 4.00 9.03 1.02 0.00 -0.00 -0.00

27.49	4.00	9.03	1.02
27.49	8.00	9.00	1.00
27.54 4.00 9.03 1.02 0.01 -0.03 -0.00
27.59 4.00 9.03 1.01 0.16 -0.04 -0.02
27.64 4.02 9.02 1.01 0.37 -0.04 -0.06
27.69 4.04 9.02 1.01 0.61 -0.04 -0.09
27.74 4.08 9.02 1.00 0.86 -0.04 -0.12
27.79 4.13 9.02 1.00 1.09 -0.05 -0.13
27.84 4.19 9.02 0.99 1.31 -0.05 -0.13
27.89 4.26 9.01 0.98 1.52 -0.05 -0.13
27.94 4.34 9.01 0.98 1.72 -0.05 -0.12
27.99 4.43 9.01 0.97 1.89 -0.05 -0.10
28.04 4.53 9.01 0.97 2.05 -0.05 -0.09
28.09 4.63 9.00 0.96 2.20 -0.05 -0.07
28.14 4.75 9.00 0.96 2.34 -0.05 -0.05
28.19 4.87 9.00 0.96 2.46 -0.05 -0.03
28.24 4.99 9.00 0.96 2.57 -0.05 -0.02
28.29 5.13 8.99 0.96 2.67 -0.05 -0.00
28.34 5.26 8.99 0.96 2.76 -0.05 0.01
28.39 5.40 8.99 0.96 2.85 -0.05 0.02
28.44 5.55 8.99 0.96 2.92 -0.04 0.03
28.49 5.69 8.98 0.96 2.99 -0.04 0.04
28.54 5.84 8.98 0.96 3.05 -0.04 0.05
28.59 6.00 8.98 0.97 3.10 -0.04 0.06
28.64 6.16 8.98 0.97 3.15 -0.03 0.06
28.69 6.31 8.98 0.97 3.20 -0.03 0.07
28.74 6.47 8.98 0.98 3.24 -0.02 0.07
28.79 6.64 8.97 0.98 3.27 -0.02 0.08
28.84 6.80 8.97 0.98 3.29 -0.02 0.08
28.89 6.97 8.97 0.99 3.28 -0.01 0.07
28.94 7.13 8.97 0.99 3.23 -0.01 0.07
28.99 7.29 8.97 1.00 3.15 -0.00 0.06
29.04 7.44 8.97 1.00 3.03 0.00 0.04
29.09 7.59 8.97 1.00 2.89 0.00 0.02
29.14 7.73 8.97 1.00 2.72 0.01 0.00
29.19 7.86 8.97 1.00 2.54 0.01 -0.02
29.24 7.99 8.97 1.00 2.34 0.01 -0.04
29.29 8.10 8.97 1.00 2.13 0.02 -0.06
29.34 8.20 8.98 0.99 1.92 0.02 -0.08
29.39 8.29 8.98 0.99 1.69 0.02 -0.09
29.44 8.37 8.98 0.98 1.47 0.02 -0.10
29.49 8.44 8.98 0.98 1.24 0.02 -0.10
29.54 8.49 8.98 0.97 1.02 0.02 -0.09
29.59 8.54 8.98 0.97 0.80 0.02 -0.09
29.64 8.57 8.98 0.96 0.59 0.02 -0.08
29.69 8.60 8.98 0.96 0.39 0.02 -0.06
29.74 8.61 8.98 0.96 0.20 0.02 -0.05
29.79 8.62 8.99 0.96 0.02 0.02 -0.03
29.84 8.61 8.99 0.96 -0.14 0.02 -0.01
29.89 8.60 8.99 0.96 -0.29 0.02 0.01
29.94 8.58 8.99 0.96 -0.42 0.02 0.02
29.99 8.56 8.99 0.96 -0.54 0.02 0.04
30.04 8.53 8.99 0.96 -0.64 0.02 0.06
30.09 8.50 8.99 0.96 -0.72 0.02 0.07
30.14 8.46 8.99 0.97 -0.79 0.02 0.08
30.19 8.42 8.99 0.97 -0.84 0.02 0.09
30.24 8.37 9.00 0.98 -0.88 0.01 0.09
30.29 8.33 9.00 0.98 -0.91 0.01 0.09
30.34 8.28 9.00 0.99 -0.92 0.01 0.09
30.39 8.24 9.00 0.99 -0.92 0.01 0.09
30.44 8.19 9.00 0.99 -0.92 0.01 0.09
30.49 8.15 9.00 1.00 -0.90 0.01 0.08
30.54 8.10 9.00 1.00 -0.87 0.01 0.08
30.59 8.06 9.00 1.01 -0.84 0.01 0.07
30.64 8.02 9.00 1.01 -0.80 0.00 0.06
30.69 7.98 9.00 1.01 -0.75 0.00 0.05
30.74 7.94 9.00 1.01 -0.70 0.00 0.04
30.79 7.91 9.00 1.02 -0.64 0.00 0.03
30.84 7.88 9.00 1.02 -0.58 0.00 0.03
30.89 7.85 9.00 1.02 -0.52 -0.00 0.02
30.94 7.83 9.00 1.02 -0.46 -0.00 0.01
30.99 7.81 9.00 1.02 -0.40 -0.00 0.01
31.04 7.79 9.00 1.02 -0.33 -0.00 0.00
31.09 7.77 9.00 1.02 -0.27 -0.00 0.00
31.14 7.76 9.00 1.02 -0.21 -0.00 -0.00
31.19 7.75 9.00 1.02 -0.15 -0.00 -0.00
31.24 7.74 9.00 1.02 -0.10 -0.00 -0.01
31.29 7.74 9.00 1.02 -0.05 -0.00 -0.01
31.34 7.74 9.00 1.02 0.00 -0.00 -0.01
31.39 7.74 9.00 1.02 0.05 -0.00 -0.01
31.44 7.75 9.00 1.02 0.09 -0.00 -0.00
31.49 7.75 9.00 1.02 0.13 -0.00 -0.00
31.54 7.76 9.00 1.02 0.17 -0.00 -0.00
31.59 7.77 9.00 1.02 0.20 -0.00 -0.00
31.64 7.78 9.00 1.02 0.22 -0.00 -0.00
31.69 7.79 9.00 1.02 0.24 -0.00 0.00
31.74 7.80 9.00 1.02 0.26 -0.00 0.00
31.79 7.82 9.00 1.02 0.27 -0.00 0.00
31.84 7.83 9.00 1.02 0.28 -0.00 0.00
31.89 7.84 9.00 1.02 0.29 -0.00 0.00
31.94 7.86 9.00 1.02 0.29 -0.00 0.00
31.99 7.87 9.00 1.02 0.29 -0.00 0.00
32.04 7.89 9.00 1.02 0.29 -0.00 0.00
32.09 7.90 9.00 1.02 0.28 0.00 0.00
32.14 7.91 9.00 1.02 0.27 0.00 0.00
32.19 7.93 9.00 1.02 0.26 0.00 0.00
32.24 7.94 9.00 1.02 0.25 0.00 -0.00
32.29 7.95 9.00 1.02 0.23 0.00 -0.00
32.34 7.96 9.00 1.02 0.22 0.00 -0.00
32.39 7.97 9.00 1.02 0.20 0.00 -0.00
32.44 7.98 9.00 1.02 0.18 0.00 -0.00
32.49 7.99 9.00 1.02 0.17 0.00 -0.00
32.54 8.00 9.00 1.02 0.15 0.00 -0.00
32.59 8.01 9.00 1.02 0.13 0.00 -0.00
32.64 8.01 9.00 1.02 0.11 0.00 -0.00
32.69 8.02 9.00 1.02 0.09 0.00 -0.00
32.74 8.02 9.00 1.02 0.08 0.00 -0.00
32.79 8.03 9.00 1.02 0.06 0.00 -0.00
32.84 8.03 9.00 1.02 0.04 0.00 -0.00
32.89 8.03 9.00 1.02 0.03 0.00 -0.00
32.94 8.03 9.00 1.02 0.02 0.00 -0.00
32.99 8.03 9.00 1.02 0.00 0.00 -0.00

33.4	8.03	9.00	1.02
33.4	10.00	13.00	1.00
33.08 8.03 9.00 1.02 -0.02 0.00 -0.00
33.13 8.03 9.00 1.02 0.03 0.08 -0.01
33.18 8.04 9.01 1.02 0.14 0.27 -0.05
33.23 8.05 9.03 1.01 0.28 0.50 -0.10
33.28 8.06 9.06 1.01 0.40 0.73 -0.13
33.33 8.09 9.10 1.00 0.52 0.95 -0.15
33.38 8.12 9.15 0.99 0.62 1.16 -0.15
33.43 8.15 9.22 0.98 0.71 1.35 -0.14
33.48 8.19 9.29 0.98 0.79 1.53 -0.13
33.53 8.23 9.37 0.97 0.86 1.69 -0.11
33.58 8.27 9.46 0.97 0.93 1.84 -0.09
33.63 8.32 9.55 0.96 0.99 1.97 -0.07
33.68 8.37 9.65 0.96 1.04 2.09 -0.05
33.73 8.42 9.76 0.96 1.08 2.20 -0.03
33.78 8.48 9.87 0.96 1.13 2.30 -0.02
33.83 8.54 9.99 0.96 1.16 2.39 -0.00
33.88 8.60 10.11 0.96 1.20 2.47 0.01
33.93 8.66 10.24 0.96 1.23 2.55 0.02
33.98 8.72 10.37 0.96 1.26 2.62 0.03
34.03 8.78 10.50 0.96 1.28 2.68 0.04
34.08 8.85 10.64 0.96 1.30 2.73 0.05
34.13 8.91 10.77 0.97 1.33 2.78 0.06
34.18 8.98 10.91 0.97 1.34 2.82 0.06
34.23 9.05 11.06 0.97 1.36 2.86 0.07
34.28 9.12 11.20 0.98 1.38 2.90 0.07
34.33 9.19 11.35 0.98 1.39 2.93 0.07
34.38 9.25 11.49 0.98 1.40 2.95 0.07
34.43 9.33 11.64 0.99 1.42 2.98 0.07
34.48 9.40 11.79 0.99 1.43 3.00 0.07
34.53 9.47 11.94 0.99 1.43 3.00 0.07
34.58 9.54 12.09 1.00 1.42 2.98 0.07
34.63 9.61 12.24 1.00 1.40 2.93 0.06
34.68 9.68 12.38 1.00 1.36 2.84 0.05
34.73 9.75 12.52 1.00 1.31 2.73 0.03
34.78 9.81 12.66 1.01 1.24 2.59 0.01
34.83 9.87 12.78 1.00 1.17 2.43 -0.02
34.88 9.93 12.90 1.00 1.09 2.26 -0.04
34.93 9.98 13.01 1.00 1.00 2.08 -0.06
34.98 10.03 13.11 1.00 0.91 1.89 -0.08
35.03 10.07 13.19 0.99 0.81 1.68 -0.09
35.08 10.11 13.27 0.99 0.72 1.48 -0.10
35.13 10.14 13.34 0.98 0.62 1.27 -0.10
35.18 10.17 13.40 0.98 0.52 1.07 -0.10
35.23 10.19 13.45 0.97 0.43 0.86 -0.10
35.28 10.21 13.49 0.97 0.33 0.67 -0.09
35.33 10.23 13.52 0.96 0.24 0.48 -0.08
35.38 10.24 13.53 0.96 0.16 0.29 -0.06
35.43 10.24 13.54 0.96 0.07 0.12 -0.04
35.48 10.24 13.55 0.96 -0.00 -0.03 -0.03
35.53 10.24 13.54 0.95 -0.07 -0.18 -0.01
35.58 10.24 13.53 0.96 -0.13 -0.31 0.01
35.63 10.23 13.51 0.96 -0.19 -0.42 0.03
35.68 10.22 13.49 0.96 -0.24 -0.52 0.05
35.73 10.20 13.46 0.96 -0.28 -0.61 0.06
35.78 10.19 13.43 0.96 -0.31 -0.68 0.07
35.83 10.17 13.39 0.97 -0.34 -0.74 0.08
35.88 10.16 13.35 0.97 -0.36 -0.78 0.09
35.93 10.14 13.31 0.98 -0.38 -0.81 0.09
35.98 10.12 13.27 0.98 -0.39 -0.83 0.10
36.03 10.10 13.23 0.99 -0.39 -0.84 0.10
36.08 10.08 13.19 0.99 -0.39 -0.84 0.09
36.13 10.06 13.15 1.00 -0.38 -0.83 0.09
36.18 10.04 13.11 1.00 -0.38 -0.81 0.08
36.23 10.02 13.07 1.00 -0.36 -0.78 0.07
36.28 10.00 13.03 1.01 -0.35 -0.74 0.07
36.33 9.99 12.99 1.01 -0.33 -0.71 0.06
36.38 9.97 12.96 1.01 -0.31 -0.66 0.05
36.43 9.96 12.93 1.02 -0.29 -0.61 0.04
36.48 9.94 12.90 1.02 -0.26 -0.56 0.03
36.53 9.93 12.87 1.02 -0.24 -0.51 0.02
36.58 9.92 12.85 1.02 -0.21 -0.45 0.02
36.63 9.91 12.83 1.02 -0.18 -0.39 0.01
36.68 9.90 12.81 1.02 -0.16 -0.34 0.01
36.73 9.89 12.79 1.02 -0.13 -0.28 0.00
36.78 9.89 12.78 1.02 -0.10 -0.22 -0.00
36.83 9.88 12.77 1.02 -0.08 -0.17 -0.00
36.88 9.88 12.76 1.02 -0.05 -0.12 -0.00
36.93 9.88 12.76 1.02 -0.03 -0.07 -0.01
36.98 9.88 12.76 1.02 -0.01 -0.02 -0.01
37.03 9.88 12.76 1.02 0.01 0.02 -0.01
37.08 9.88 12.76 1.02 0.03 0.07 -0.01
37.13 9.88 12.76 1.02 0.05 0.10 -0.00
37.18 9.88 12.77 1.02 0.07 0.14 -0.00
37.23 9.89 12.78 1.02 0.08 0.17 -0.00
37.28 9.89 12.78 1.02 0.09 0.19 -0.00
37.33 9.90 12.79 1.02 0.10 0.21 -0.00
37.38 9.90 12.81 1.02 0.11 0.23 0.00
37.43 9.91 12.82 1.02 0.12 0.25 0.00
37.48 9.91 12.83 1.02 0.12 0.26 0.00
37.53 9.92 12.84 1.02 0.13 0.26 0.00
37.58 9.93 12.86 1.02 0.13 0.27 0.00
37.63 9.93 12.87 1.02 0.13 0.27 0.00
37.68 9.94 12.88 1.02 0.13 0.27 0.00
37.73 9.94 12.90 1.02 0.13 0.26 0.00
37.78 9.95 12.91 1.02 0.12 0.26 0.00
37.83 9.96 12.92 1.02 0.12 0.25 0.00
37.88 9.96 12.93 1.02 0.11 0.24 0.00
37.93 9.97 12.95 1.02 0.11 0.22 -0.00
37.98 9.97 12.96 1.02 0.10 0.21 -0.00
38.03 9.98 12.97 1.02 0.10 0.20 -0.00
38.08 9.98 12.98 1.02 0.09 0.18 -0.00
38.13 9.99 12.99 1.02 0.08 0.16 -0.00
38.18 9.99 12.99 1.02 0.07 0.15 -0.00
38.23 9.99 13.00 1.02 0.06 0.13 -0.00
38.28 10.00 13.01 1.02 0.06 0.11 -0.00
38.33 10.00 13.01 1.02 0.05 0.10 -0.00
38.38 10.00 13.02 1.02 0.04 0.08 -0.00
38.43 10.00 13.02 1.02 0.03 0.07 -0.00
38.48 10.01 13.02 1.02 0.03 0.05 -0.00
38.53 10.01 13.02 1.02 0.02 0.04 -0.00
38.58 10.01 13.03 1.02 0.01 0.02 -0.00
38.63 10.01 13.03 1.02 0.01 0.01 -0.00
38.68 10.01 13.03 1.02 0.00 -0.00 -0.00

38.70	10.01	13.03	1.02
38.70	9.00	15.00	1.00
38.74 10.01 13.03 1.02 -0.01 -0.01 -0.00
38.79 10.01 13.03 1.02 -0.08 0.09 -0.02
38.84 10.00 13.04 1.01 -0.21 0.28 -0.07
38.89 9.99 13.06 1.01 -0.35 0.51 -0.11
38.94 9.96 13.09 1.00 -0.48 0.73 -0.14
38.99 9.94 13.13 1.00 -0.60 0.95 -0.15
39.04 9.91 13.18 0.99 -0.70 1.15 -0.15
39.09 9.87 13.25 0.98 -0.79 1.34 -0.14
39.14 9.83 13.32 0.98 -0.88 1.52 -0.12
39.19 9.78 13.40 0.97 -0.95 1.68 -0.10
39.24 9.73 13.49 0.97 -1.01 1.82 -0.07
39.29 9.68 13.58 0.96 -1.07 1.96 -0.05
39.34 9.62 13.68 0.96 -1.12 2.08 -0.02
39.39 9.57 13.79 0.96 -1.16 2.19 0.00
39.44 9.51 13.90 0.96 -1.19 2.27 0.02
39.49 9.45 14.01 0.96 -1.20 2.32 0.04
39.54 9.39 14.13 0.97 -1.20 2.34 0.06
39.59 9.33 14.25 0.97 -1.18 2.33 0.08
39.64 9.27 14.36 0.97 -1.15 2.29 0.08
39.69 9.21 14.48 0.98 -1.11 2.23 0.08
39.74 9.16 14.59 0.98 -1.06 2.15 0.07
39.79 9.11 14.69 0.98 -1.00 2.05 0.06
39.84 9.06 14.79 0.99 -0.94 1.93 0.05
39.89 9.01 14.88 0.99 -0.87 1.81 0.04
39.94 8.97 14.97 0.99 -0.80 1.67 0.02
39.99 8.93 15.05 0.99 -0.72 1.53 0.01
40.04 8.90 15.12 0.99 -0.64 1.38 -0.01
40.09 8.87 15.19 0.99 -0.56 1.23 -0.02
40.14 8.84 15.25 0.99 -0.48 1.08 -0.03
40.19 8.82 15.30 0.99 -0.40 0.92 -0.03
40.24 8.80 15.34 0.99 -0.33 0.77 -0.03
40.29 8.79 15.37 0.99 -0.25 0.62 -0.03
40.34 8.78 15.40 0.98 -0.18 0.47 -0.03
40.39 8.77 15.42 0.98 -0.11 0.33 -0.02
40.44 8.77 15.43 0.98 -0.04 0.20 -0.02
40.49 8.77 15.44 0.98 0.02 0.07 -0.01
40.54 8.77 15.44 0.98 0.07 -0.04 -0.00
40.59 8.77 15.44 0.98 0.12 -0.15 0.01
40.64 8.78 15.43 0.98 0.17 -0.25 0.02
40.69 8.79 15.41 0.98 0.21 -0.33 0.03
40.74 8.80 15.39 0.98 0.24 -0.41 0.04
40.79 8.82 15.37 0.99 0.27 -0.47 0.04
40.84 8.83 15.35 0.99 0.29 -0.52 0.05
40.89 8.84 15.32 0.99 0.31 -0.56 0.05
40.94 8.86 15.29 0.99 0.32 -0.60 0.06
40.99 8.88 15.26 1.00 0.33 -0.62 0.06
41.04 8.89 15.23 1.00 0.33 -0.64 0.06
41.09 8.91 15.20 1.00 0.33 -0.64 0.06
41.14 8.93 15.16 1.00 0.33 -0.64 0.05
41.19 8.94 15.13 1.01 0.32 -0.63 0.05
41.24 8.96 15.10 1.01 0.31 -0.62 0.05
41.29 8.97 15.07 1.01 0.30 -0.60 0.04
41.34 8.99 15.04 1.01 0.28 -0.57 0.04
41.39 9.00 15.01 1.02 0.27 -0.54 0.03
41.44 9.01 14.99 1.02 0.25 -0.51 0.03
41.49 9.03 14.96 1.02 0.23 -0.47 0.02
41.54 9.04 14.94 1.02 0.21 -0.43 0.02
41.59 9.05 14.92 1.02 0.18 -0.39 0.01
41.64 9.06 14.90 1.02 0.16 -0.35 0.01
41.69 9.06 14.88 1.02 0.14 -0.31 0.00
41.74 9.07 14.87 1.02 0.12 -0.26 0.00
41.79 9.07 14.86 1.02 0.10 -0.22 -0.00
41.84 9.08 14.85 1.02 0.07 -0.18 -0.00
41.89 9.08 14.84 1.02 0.05 -0.14 -0.00
41.94 9.08 14.83 1.02 0.03 -0.10 -0.00
41.99 9.09 14.83 1.02 0.02 -0.06 -0.01
42.04 9.09 14.83 1.02 -0.00 -0.02 -0.01
42.09 9.09 14.83 1.02 -0.02 0.01 -0.01
42.14 9.08 14.83 1.02 -0.03 0.04 -0.00
42.19 9.08 14.83 1.02 -0.05 0.07 -0.00
42.24 9.08 14.84 1.02 -0.06 0.10 -0.00
42.29 9.08 14.84 1.02 -0.07 0.12 -0.00
42.34 9.07 14.85 1.02 -0.08 0.14 -0.00
42.39 9.07 14.86 1.02 -0.08 0.15 -0.00
42.44 9.06 14.86 1.02 -0.09 0.17 -0.00
42.49 9.06 14.87 1.02 -0.09 0.18 -0.00
42.54 9.06 14.88 1.02 -0.10 0.19 -0.00
42.59 9.05 14.89 1.02 -0.10 0.19 -0.00
42.64 9.05 14.90 1.02 -0.10 0.20 -0.00
42.69 9.04 14.91 1.02 -0.10 0.20 -0.00
42.74 9.04 14.92 1.02 -0.10 0.20 -0.00
42.79 9.03 14.93 1.02 -0.10 0.19 -0.00
42.84 9.03 14.94 1.02 -0.09 0.19 -0.00
42.89 9.02 14.95 1.02 -0.09 0.18 -0.00
42.94 9.02 14.96 1.02 -0.09 0.17 -0.00
42.99 9.01 14.97 1.02 -0.08 0.17 -0.00
43.04 9.01 14.97 1.02 -0.07 0.16 -0.00
43.09 9.00 14.98 1.02 -0.07 0.14 -0.00
43.14 9.00 14.99 1.02 -0.06 0.13 -0.00
43.19 9.00 15.00 1.02 -0.06 0.12 -0.00
43.24 9.00 15.00 1.02 -0.05 0.11 -0.00
43.29 8.99 15.01 1.02 -0.04 0.10 -0.00
43.34 8.99 15.01 1.02 -0.04 0.08 -0.00
43.39 8.99 15.01 1.02 -0.03 0.07 -0.00
43.44 8.99 15.02 1.02 -0.03 0.06 -0.00
43.49 8.99 15.02 1.02 -0.02 0.05 -0.00
43.54 8.99 15.02 1.02 -0.01 0.04 -0.00
43.59 8.99 15.02 1.02 -0.01 0.03 -0.00
43.64 8.99 15.03 1.02 -0.00 0.02 -0.00
43.69 8.99 15.03 1.02 0.00 0.01 -0.00

43.75	8.99	15.03	1.02
43.75	8.00	17.00	1.00
43.78 8.99 15.03 1.02 0.01 -0.01 -0.00
43.83 8.99 15.03 1.02 -0.04 0.06 -0.01
43.88 8.98 15.03 1.01 -0.16 0.25 -0.06
43.93 8.97 15.05 1.01 -0.30 0.47 -0.10
43.98 8.95 15.08 1.00 -0.42 0.70 -0.14
44.03 8.93 15.12 1.00 -0.54 0.92 -0.15
44.08 8.90 15.17 0.99 -0.65 1.13 -0.15
44.13 8.86 15.23 0.98 -0.74 1.32 -0.14
44.18 8.82 15.30 0.97 -0.82 1.50 -0.12
44.23 8.78 15.38 0.97 -0.89 1.67 -0.10
44.28 8.73 15.47 0.96 -0.96 1.81 -0.08
44.33 8.68 15.57 0.96 -1.02 1.95 -0.05
44.38 8.63 15.67 0.96 -1.07 2.07 -0.03
44.43 8.58 15.77 0.96 -1.11 2.19 -0.00
44.48 8.52 15.88 0.96 -1.14 2.28 0.02
44.53 8.46 16.00 0.96 -1.16 2.33 0.04
44.58 8.41 16.12 0.96 -1.16 2.36 0.06
44.63 8.35 16.24 0.97 -1.15 2.35 0.07
44.68 8.29 16.35 0.97 -1.12 2.31 0.08
44.73 8.24 16.47 0.97 -1.09 2.25 0.08
44.78 8.18 16.58 0.98 -1.04 2.17 0.08
44.83 8.13 16.68 0.98 -0.99 2.07 0.07
44.88 8.08 16.78 0.99 -0.93 1.96 0.05
44.93 8.04 16.88 0.99 -0.86 1.84 0.04
44.98 8.00 16.97 0.99 -0.79 1.70 0.02
45.03 7.96 17.05 0.99 -0.72 1.56 0.01
45.08 7.93 17.12 0.99 -0.64 1.41 -0.00
45.13 7.90 17.19 0.99 -0.57 1.26 -0.01
45.18 7.87 17.25 0.99 -0.49 1.10 -0.02
45.23 7.85 17.30 0.99 -0.42 0.95 -0.03
45.28 7.83 17.34 0.99 -0.34 0.79 -0.03
45.33 7.81 17.38 0.98 -0.27 0.64 -0.03
45.38 7.80 17.41 0.98 -0.20 0.49 -0.03
45.43 7.79 17.43 0.98 -0.13 0.35 -0.02
45.48 7.79 17.44 0.98 -0.07 0.21 -0.02
45.53 7.79 17.45 0.98 -0.01 0.09 -0.01
45.58 7.79 17.45 0.98 0.05 -0.03 -0.00
45.63 7.79 17.45 0.98 0.10 -0.14 0.01
45.68 7.80 17.44 0.98 0.14 -0.24 0.02
45.73 7.81 17.42 0.98 0.18 -0.32 0.03
45.78 7.82 17.40 0.98 0.22 -0.40 0.03
45.83 7.83 17.38 0.98 0.24 -0.47 0.04
45.88 7.84 17.36 0.99 0.27 -0.52 0.05
45.93 7.85 17.33 0.99 0.29 -0.57 0.05
45.98 7.87 17.30 0.99 0.30 -0.60 0.06
46.03 7.88 17.27 0.99 0.31 -0.63 0.06
46.08 7.90 17.24 1.00 0.31 -0.64 0.06
46.13 7.92 17.21 1.00 0.32 -0.65 0.06
46.18 7.93 17.17 1.00 0.31 -0.65 0.05
46.23 7.95 17.14 1.01 0.31 -0.64 0.05
46.28 7.96 17.11 1.01 0.30 -0.63 0.05
46.33 7.98 17.08 1.01 0.29 -0.61 0.04
46.38 7.99 17.05 1.01 0.27 -0.58 0.04
46.43 8.00 17.02 1.01 0.26 -0.55 0.03
46.48 8.02 16.99 1.02 0.24 -0.52 0.03
46.53 8.03 16.97 1.02 0.22 -0.48 0.02
46.58 8.04 16.95 1.02 0.20 -0.44 0.02
46.63 8.05 16.92 1.02 0.18 -0.40 0.01
46.68 8.06 16.91 1.02 0.16 -0.36 0.01
46.73 8.06 16.89 1.02 0.14 -0.32 0.00
46.78 8.07 16.87 1.02 0.12 -0.27 0.00
46.83 8.08 16.86 1.02 0.10 -0.23 -0.00
46.88 8.08 16.85 1.02 0.08 -0.19 -0.00
46.93 8.08 16.84 1.02 0.06 -0.14 -0.00
46.98 8.09 16.84 1.02 0.04 -0.10 -0.00
47.03 8.09 16.83 1.02 0.02 -0.07 -0.00
47.08 8.09 16.83 1.02 0.00 -0.03 -0.01
47.13 8.09 16.83 1.02 -0.01 0.01 -0.00
47.18 8.09 16.83 1.02 -0.03 0.04 -0.00
47.23 8.08 16.83 1.02 -0.04 0.07 -0.00
47.28 8.08 16.84 1.02 -0.05 0.09 -0.00
47.33 8.08 16.84 1.02 -0.06 0.11 -0.00
47.38 8.08 16.85 1.02 -0.07 0.13 -0.00
47.43 8.07 16.86 1.02 -0.08 0.15 -0.00
47.48 8.07 16.86 1.02 -0.09 0.17 -0.00
47.53 8.06 16.87 1.02 -0.09 0.18 -0.00
47.58 8.06 16.88 1.02 -0.10 0.19 -0.00
47.63 8.05 16.89 1.02 -0.10 0.19 -0.00
47.68 8.05 16.90 1.02 -0.10 0.20 0.00
47.73 8.04 16.91 1.02 -0.10 0.20 0.00
47.78 8.04 16.92 1.02 -0.10 0.20 -0.00
47.83 8.03 16.93 1.02 -0.10 0.19 -0.00
47.88 8.03 16.94 1.02 -0.09 0.19 -0.00
47.93 8.02 16.95 1.02 -0.09 0.18 -0.00
47.98 8.02 16.96 1.02 -0.08 0.18 -0.00
48.03 8.02 16.97 1.02 -0.08 0.17 -0.00
48.08 8.01 16.98 1.02 -0.07 0.16 -0.00
48.13 8.01 16.98 1.02 -0.07 0.15 -0.00
48.18 8.01 16.99 1.02 -0.06 0.13 -0.00
48.23 8.00 17.00 1.02 -0.06 0.12 -0.00
48.28 8.00 17.00 1.02 -0.05 0.11 -0.00
48.33 8.00 17.01 1.02 -0.05 0.10 -0.00
48.38 8.00 17.01 1.02 -0.04 0.09 -0.00
48.43 7.99 17.02 1.02 -0.03 0.07 -0.00
48.48 7.99 17.02 1.02 -0.03 0.06 -0.00
48.53 7.99 17.02 1.02 -0.02 0.05 -0.00
48.58 7.99 17.02 1.02 -0.02 0.04 -0.00
48.63 7.99 17.03 1.02 -0.01 0.03 -0.00
48.68 7.99 17.03 1.02 -0.01 0.02 -0.00
48.73 7.99 17.03 1.02 -0.00 0.01 -0.00

48.80	7.99	17.03	1.01
48.80	7.00	19.00	1.00
48.84 7.99 17.03 1.01 0.01 -0.01 -0.00
48.89 7.99 17.03 1.01 -0.07 0.10 -0.02
48.94 7.98 17.04 1.01 -0.19 0.29 -0.07
48.99 7.97 17.06 1.01 -0.32 0.51 -0.11
49.04 7.95 17.09 1.00 -0.45 0.74 -0.14
49.09 7.92 17.13 0.99 -0.56 0.96 -0.15
49.14 7.89 17.19 0.99 -0.67 1.17 -0.15
49.19 7.86 17.25 0.98 -0.76 1.36 -0.14
49.24 7.82 17.32 0.97 -0.84 1.53 -0.12
49.29 7.77 17.40 0.97 -0.91 1.70 -0.10
49.34 7.73 17.49 0.96 -0.97 1.84 -0.07
49.39 7.68 17.59 0.96 -1.03 1.98 -0.05
49.44 7.62 17.69 0.96 -1.08 2.10 -0.02
49.49 7.57 17.80 0.96 -1.12 2.21 0.00
49.54 7.51 17.91 0.96 -1.15 2.29 0.02
49.59 7.45 18.02 0.96 -1.16 2.34 0.05
49.64 7.40 18.14 0.96 -1.16 2.36 0.06
49.69 7.34 18.26 0.97 -1.15 2.34 0.08
49.74 7.28 18.38 0.97 -1.12 2.30 0.08
49.79 7.23 18.49 0.97 -1.08 2.24 0.08
49.84 7.17 18.60 0.98 -1.03 2.15 0.08
49.89 7.12 18.70 0.98 -0.98 2.05 0.06
49.94 7.08 18.80 0.98 -0.91 1.94 0.05
49.99 7.03 18.90 0.99 -0.85 1.81 0.04
50.04 6.99 18.98 0.99 -0.78 1.67 0.02
50.09 6.95 19.06 0.99 -0.70 1.53 0.01
50.14 6.92 19.14 0.99 -0.63 1.38 -0.01
50.19 6.89 19.20 0.99 -0.55 1.23 -0.02
50.24 6.87 19.26 0.99 -0.48 1.07 -0.02
50.29 6.84 19.31 0.99 -0.40 0.91 -0.03
50.34 6.83 19.35 0.98 -0.33 0.76 -0.03
50.39 6.81 19.39 0.98 -0.25 0.61 -0.03
50.44 6.80 19.41 0.98 -0.18 0.46 -0.03
50.49 6.79 19.43 0.98 -0.12 0.32 -0.02
50.54 6.79 19.44 0.98 -0.05 0.19 -0.02
50.59 6.79 19.45 0.98 0.00 0.06 -0.01
50.64 6.79 19.45 0.98 0.06 -0.05 0.00
50.69 6.79 19.44 0.98 0.11 -0.16 0.01
50.74 6.80 19.43 0.98 0.15 -0.26 0.02
50.79 6.81 19.42 0.98 0.19 -0.34 0.03
50.84 6.82 19.40 0.98 0.22 -0.42 0.04
50.89 6.83 19.38 0.98 0.25 -0.48 0.04
50.94 6.84 19.35 0.99 0.27 -0.53 0.05
50.99 6.86 19.32 0.99 0.29 -0.57 0.05
51.04 6.87 19.30 0.99 0.30 -0.61 0.06
51.09 6.89 19.26 0.99 0.31 -0.63 0.06
51.14 6.90 19.23 1.00 0.32 -0.64 0.06
51.19 6.92 19.20 1.00 0.32 -0.65 0.06
51.24 6.94 19.17 1.00 0.31 -0.65 0.05
51.29 6.95 19.14 1.01 0.31 -0.64 0.05
51.34 6.97 19.10 1.01 0.30 -0.62 0.05
51.39 6.98 19.07 1.01 0.28 -0.60 0.04
51.44 6.99 19.04 1.01 0.27 -0.58 0.04
51.49 7.01 19.02 1.01 0.25 -0.55 0.03
51.54 7.02 18.99 1.02 0.24 -0.51 0.03
51.59 7.03 18.96 1.02 0.22 -0.47 0.02
51.64 7.04 18.94 1.02 0.20 -0.43 0.02
51.69 7.05 18.92 1.02 0.18 -0.39 0.01
51.74 7.06 18.90 1.02 0.16 -0.35 0.01
51.79 7.07 18.89 1.02 0.13 -0.31 0.00
51.84 7.07 18.87 1.02 0.11 -0.26 0.00
51.89 7.08 18.86 1.02 0.09 -0.22 -0.00
51.94 7.08 18.85 1.02 0.07 -0.18 -0.00
51.99 7.08 18.84 1.02 0.05 -0.14 -0.00
52.04 7.09 18.84 1.02 0.03 -0.10 -0.00
52.09 7.09 18.83 1.02 0.01 -0.06 -0.00
52.14 7.09 18.83 1.02 -0.00 -0.02 -0.00
52.19 7.09 18.83 1.02 -0.02 0.01 -0.00
52.24 7.09 18.83 1.02 -0.03 0.04 -0.00
52.29 7.08 18.83 1.02 -0.05 0.07 -0.00
52.34 7.08 18.84 1.02 -0.06 0.10 -0.00
52.39 7.08 18.84 1.02 -0.07 0.12 -0.00
52.44 7.08 18.85 1.02 -0.08 0.14 -0.00
52.49 7.07 18.86 1.02 -0.08 0.15 -0.00
52.54 7.07 18.87 1.02 -0.09 0.17 -0.00
52.59 7.06 18.87 1.02 -0.09 0.18 -0.00
52.64 7.06 18.88 1.02 -0.10 0.19 -0.00
52.69 7.05 18.89 1.02 -0.10 0.19 -0.00
52.74 7.05 18.90 1.02 -0.10 0.20 0.00
52.79 7.04 18.91 1.02 -0.10 0.20 0.00
52.84 7.04 18.92 1.02 -0.10 0.20 0.00
52.89 7.03 18.93 1.02 -0.09 0.19 -0.00
52.94 7.03 18.94 1.02 -0.09 0.19 -0.00
52.99 7.02 18.95 1.02 -0.09 0.18 -0.00
53.04 7.02 18.96 1.02 -0.08 0.17 -0.00
53.09 7.02 18.97 1.02 -0.08 0.16 -0.00
53.14 7.01 18.98 1.02 -0.07 0.15 -0.00
53.19 7.01 18.98 1.02 -0.07 0.14 -0.00
53.24 7.01 18.99 1.02 -0.06 0.13 -0.00
53.29 7.00 19.00 1.02 -0.06 0.12 -0.00
53.34 7.00 19.00 1.02 -0.05 0.11 -0.00
53.39 7.00 19.01 1.02 -0.04 0.10 -0.00
53.44 7.00 19.01 1.02 -0.04 0.08 -0.00
53.49 6.99 19.02 1.02 -0.03 0.07 -0.00
53.54 6.99 19.02 1.02 -0.03 0.06 -0.00
53.59 6.99 19.02 1.02 -0.02 0.05 -0.00
53.64 6.99 19.02 1.02 -0.01 0.04 -0.00
53.69 6.99 19.03 1.02 -0.01 0.02 -0.00
53.74 6.99 19.03 1.01 -0.01 0.01 -0.00
53.79 6.99 19.03 1.01 -0.00 0.00 -0.00

