38.68	0.00	-0.00	1.00
38.68	4.00	5.00	1.00
38.71 0.00 -0.00 1.00 -0.00 0.00 0.00
38.76 0.00 0.00 1.00 0.05 0.05 -0.01
38.81 0.01 0.01 1.00 0.20 0.22 -0.06
38.86 0.02 0.02 0.99 0.39 0.43 -0.12
38.91 0.05 0.05 0.99 0.57 0.64 -0.16
38.96 0.08 0.09 0.98 0.74 0.84 -0.18
39.01 0.12 0.13 0.97 0.89 1.03 -0.18
39.06 0.17 0.19 0.96 1.03 1.21 -0.17
39.11 0.22 0.26 0.95 1.15 1.36 -0.16
39.16 0.28 0.33 0.94 1.25 1.51 -0.14
39.21 0.35 0.41 0.94 1.35 1.63 -0.12
39.26 0.42 0.49 0.93 1.44 1.75 -0.09
39.31 0.49 0.58 0.93 1.51 1.85 -0.07
39.36 0.57 0.67 0.92 1.58 1.94 -0.06
39.41 0.65 0.77 0.92 1.64 2.02 -0.04
39.46 0.73 0.88 0.92 1.70 2.10 -0.02
39.51 0.82 0.98 0.92 1.75 2.17 -0.01
39.56 0.91 1.09 0.92 1.79 2.23 0.00
39.61 1.00 1.21 0.92 1.83 2.29 0.01
39.66 1.09 1.32 0.92 1.87 2.34 0.02
39.71 1.18 1.44 0.92 1.90 2.38 0.03
39.76 1.28 1.56 0.92 1.93 2.42 0.04
39.81 1.38 1.68 0.93 1.95 2.46 0.04
39.86 1.47 1.81 0.93 1.98 2.49 0.05
39.91 1.57 1.93 0.93 2.00 2.52 0.05
39.96 1.67 2.06 0.93 2.02 2.55 0.06
40.01 1.78 2.19 0.94 2.03 2.57 0.06
40.06 1.88 2.32 0.94 2.05 2.59 0.06
40.11 1.98 2.45 0.94 2.06 2.61 0.06
40.16 2.08 2.58 0.95 2.07 2.63 0.07
40.21 2.19 2.71 0.95 2.08 2.64 0.07
40.26 2.29 2.84 0.95 2.09 2.65 0.07
40.31 2.40 2.97 0.96 2.10 2.66 0.07
40.36 2.50 3.11 0.96 2.10 2.67 0.07
40.41 2.61 3.24 0.96 2.11 2.67 0.07
40.46 2.71 3.37 0.97 2.11 2.68 0.07
40.51 2.82 3.51 0.97 2.11 2.68 0.07
40.56 2.92 3.64 0.97 2.11 2.69 0.07
40.61 3.03 3.78 0.98 2.12 2.69 0.07
40.66 3.13 3.91 0.98 2.12 2.69 0.06
40.71 3.24 4.05 0.98 2.11 2.68 0.06
40.76 3.35 4.18 0.99 2.09 2.66 0.06
40.81 3.45 4.31 0.99 2.05 2.60 0.05
40.86 3.55 4.44 0.99 1.98 2.52 0.04
40.91 3.65 4.56 0.99 1.90 2.41 0.02
40.96 3.74 4.68 0.99 1.80 2.29 -0.01
41.01 3.83 4.79 0.99 1.69 2.14 -0.03
41.06 3.91 4.89 0.99 1.56 1.99 -0.05
41.11 3.98 4.99 0.99 1.43 1.82 -0.07
41.16 4.05 5.07 0.98 1.30 1.64 -0.09
41.21 4.11 5.15 0.98 1.15 1.46 -0.10
41.26 4.17 5.22 0.97 1.01 1.28 -0.11
41.31 4.21 5.28 0.97 0.86 1.09 -0.11
41.36 4.25 5.33 0.96 0.72 0.91 -0.11
41.41 4.28 5.37 0.96 0.58 0.73 -0.10
41.46 4.31 5.40 0.95 0.44 0.55 -0.09
41.51 4.33 5.43 0.95 0.31 0.38 -0.08
41.56 4.34 5.44 0.94 0.18 0.22 -0.06
41.61 4.35 5.45 0.94 0.07 0.08 -0.04
41.66 4.35 5.45 0.94 -0.04 -0.06 -0.02
41.71 4.34 5.44 0.94 -0.14 -0.19 0.00
41.76 4.33 5.43 0.94 -0.23 -0.30 0.02
41.81 4.32 5.41 0.94 -0.31 -0.40 0.04
41.86 4.30 5.39 0.94 -0.37 -0.48 0.06
41.91 4.28 5.36 0.95 -0.43 -0.55 0.07
41.96 4.26 5.33 0.95 -0.48 -0.61 0.08
42.01 4.24 5.30 0.96 -0.52 -0.66 0.09
42.06 4.21 5.27 0.96 -0.54 -0.69 0.10
42.11 4.18 5.23 0.97 -0.56 -0.72 0.10
42.16 4.15 5.20 0.97 -0.57 -0.73 0.10
42.21 4.12 5.16 0.98 -0.58 -0.74 0.10
42.26 4.09 5.12 0.98 -0.57 -0.73 0.10
42.31 4.07 5.09 0.99 -0.56 -0.72 0.09
42.36 4.04 5.05 0.99 -0.55 -0.70 0.09
42.41 4.01 5.02 1.00 -0.53 -0.67 0.08
42.46 3.99 4.99 1.00 -0.50 -0.64 0.07
42.51 3.96 4.95 1.00 -0.47 -0.60 0.06
42.56 3.94 4.93 1.00 -0.44 -0.56 0.05
42.61 3.92 4.90 1.01 -0.41 -0.52 0.04
42.66 3.90 4.87 1.01 -0.37 -0.47 0.03
42.71 3.88 4.85 1.01 -0.33 -0.42 0.03
42.76 3.87 4.83 1.01 -0.29 -0.37 0.02
42.81 3.85 4.81 1.01 -0.25 -0.32 0.01
42.86 3.84 4.80 1.01 -0.21 -0.27 0.01
42.91 3.83 4.79 1.01 -0.17 -0.22 0.00
42.96 3.82 4.78 1.01 -0.13 -0.17 0.00
43.01 3.82 4.77 1.01 -0.10 -0.12 -0.00
43.06 3.81 4.77 1.01 -0.06 -0.08 -0.00
43.11 3.81 4.76 1.01 -0.03 -0.03 -0.00
43.16 3.81 4.76 1.01 0.01 0.01 -0.00
43.21 3.81 4.76 1.01 0.04 0.05 -0.00
43.26 3.81 4.77 1.01 0.06 0.08 -0.00
43.31 3.82 4.77 1.01 0.09 0.11 -0.00
43.36 3.82 4.78 1.01 0.11 0.14 -0.00
43.41 3.83 4.79 1.01 0.13 0.17 -0.00
43.46 3.84 4.79 1.01 0.15 0.19 0.00
43.51 3.84 4.80 1.01 0.16 0.21 0.00
43.56 3.85 4.81 1.01 0.17 0.22 0.00
43.61 3.86 4.83 1.01 0.18 0.23 0.00
43.66 3.87 4.84 1.01 0.19 0.24 0.00
43.71 3.88 4.85 1.01 0.19 0.24 0.00
43.76 3.89 4.86 1.01 0.19 0.25 0.00
43.81 3.90 4.87 1.01 0.19 0.25 0.00
43.86 3.91 4.89 1.01 0.19 0.24 0.00
43.91 3.92 4.90 1.01 0.19 0.24 0.00
43.96 3.93 4.91 1.01 0.18 0.23 0.00
44.01 3.94 4.92 1.01 0.18 0.22 0.00
44.06 3.94 4.93 1.01 0.17 0.21 0.00
44.11 3.95 4.94 1.01 0.16 0.20 0.00
44.16 3.96 4.95 1.01 0.15 0.19 0.00
44.21 3.97 4.96 1.01 0.14 0.18 -0.00
44.26 3.97 4.97 1.01 0.13 0.16 -0.00
44.31 3.98 4.98 1.01 0.12 0.15 -0.00
44.36 3.99 4.99 1.01 0.10 0.13 -0.00
44.41 3.99 4.99 1.01 0.09 0.12 -0.00
44.46 4.00 5.00 1.01 0.08 0.10 -0.00
44.51 4.00 5.00 1.01 0.07 0.09 -0.00
44.56 4.00 5.01 1.01 0.06 0.07 -0.00
44.61 4.01 5.01 1.01 0.05 0.06 -0.00
44.66 4.01 5.01 1.01 0.04 0.05 -0.00
44.71 4.01 5.01 1.01 0.03 0.03 -0.00
44.76 4.01 5.01 1.01 0.02 0.02 -0.00
44.81 4.01 5.02 1.01 0.01 0.01 -0.00
44.86 4.01 5.02 1.01 0.00 -0.00 -0.00

44.97	4.01	5.01	1.01
44.97	4.00	9.00	1.00
45.02 4.01 5.01 1.01 -0.02 -0.03 -0.00
45.07 4.01 5.01 1.01 -0.02 0.08 -0.01
45.12 4.01 5.02 1.01 -0.03 0.29 -0.05
45.17 4.01 5.04 1.01 -0.03 0.52 -0.09
45.22 4.00 5.08 1.00 -0.03 0.76 -0.11
45.27 4.00 5.12 1.00 -0.03 1.00 -0.13
45.32 4.00 5.18 0.99 -0.03 1.22 -0.13
45.37 4.00 5.24 0.98 -0.04 1.43 -0.13
45.42 4.00 5.32 0.98 -0.04 1.63 -0.12
45.47 4.00 5.41 0.97 -0.04 1.81 -0.11
45.52 3.99 5.50 0.97 -0.04 1.97 -0.09
45.57 3.99 5.60 0.96 -0.04 2.13 -0.07
45.62 3.99 5.71 0.96 -0.04 2.26 -0.06
45.67 3.99 5.83 0.96 -0.04 2.39 -0.04
45.72 3.99 5.95 0.95 -0.04 2.50 -0.02
45.77 3.98 6.08 0.95 -0.03 2.61 -0.01
45.82 3.98 6.21 0.95 -0.03 2.70 0.01
45.87 3.98 6.35 0.95 -0.03 2.78 0.02
45.92 3.98 6.49 0.95 -0.03 2.86 0.03
45.97 3.98 6.64 0.96 -0.03 2.93 0.04
46.02 3.98 6.78 0.96 -0.02 2.99 0.05
46.07 3.98 6.93 0.96 -0.02 3.05 0.06
46.12 3.97 7.09 0.96 -0.02 3.10 0.06
46.17 3.97 7.24 0.97 -0.02 3.15 0.07
46.22 3.97 7.40 0.97 -0.01 3.19 0.07
46.27 3.97 7.56 0.97 -0.01 3.23 0.08
46.32 3.97 7.73 0.98 -0.01 3.25 0.08
46.37 3.97 7.89 0.98 -0.00 3.26 0.08
46.42 3.97 8.05 0.99 0.00 3.23 0.07
46.47 3.97 8.21 0.99 0.01 3.16 0.07
46.52 3.97 8.37 0.99 0.01 3.06 0.05
46.57 3.97 8.52 1.00 0.01 2.93 0.04
46.62 3.97 8.66 1.00 0.02 2.77 0.01
46.67 3.97 8.79 1.00 0.02 2.60 -0.01
46.72 3.98 8.92 1.00 0.02 2.41 -0.03
46.77 3.98 9.03 0.99 0.02 2.21 -0.05
46.82 3.98 9.14 0.99 0.02 2.00 -0.07
46.87 3.98 9.23 0.99 0.02 1.78 -0.08
46.92 3.98 9.32 0.98 0.02 1.56 -0.09
46.97 3.98 9.39 0.98 0.02 1.34 -0.09
47.02 3.98 9.45 0.97 0.02 1.11 -0.09
47.07 3.98 9.50 0.97 0.02 0.90 -0.09
47.12 3.98 9.54 0.96 0.02 0.68 -0.08
47.17 3.99 9.57 0.96 0.02 0.48 -0.07
47.22 3.99 9.59 0.96 0.02 0.29 -0.05
47.27 3.99 9.60 0.96 0.02 0.11 -0.04
47.32 3.99 9.60 0.95 0.02 -0.06 -0.02
47.37 3.99 9.59 0.95 0.02 -0.22 -0.00
47.42 3.99 9.58 0.95 0.02 -0.35 0.02
47.47 3.99 9.56 0.96 0.02 -0.48 0.03
47.52 3.99 9.53 0.96 0.02 -0.58 0.05
47.57 3.99 9.50 0.96 0.02 -0.67 0.06
47.62 3.99 9.46 0.96 0.01 -0.75 0.07
47.67 4.00 9.42 0.97 0.01 -0.81 0.08
47.72 4.00 9.38 0.97 0.01 -0.85 0.09
47.77 4.00 9.34 0.98 0.01 -0.88 0.09
47.82 4.00 9.29 0.98 0.01 -0.90 0.09
47.87 4.00 9.25 0.99 0.01 -0.91 0.09
47.92 4.00 9.20 0.99 0.01 -0.91 0.09
47.97 4.00 9.16 0.99 0.00 -0.89 0.08
48.02 4.00 9.11 1.00 0.00 -0.87 0.08
48.07 4.00 9.07 1.00 0.00 -0.84 0.07
48.12 4.00 9.03 1.01 0.00 -0.80 0.06
48.17 4.00 8.99 1.01 0.00 -0.76 0.05
48.22 4.00 8.95 1.01 -0.00 -0.71 0.05
48.27 4.00 8.92 1.01 -0.00 -0.66 0.04
48.32 4.00 8.89 1.02 -0.00 -0.60 0.03
48.37 4.00 8.86 1.02 -0.00 -0.54 0.02
48.42 4.00 8.83 1.02 -0.00 -0.48 0.02
48.47 4.00 8.81 1.02 -0.00 -0.42 0.01
48.52 4.00 8.79 1.02 -0.00 -0.36 0.01
48.57 4.00 8.78 1.02 -0.00 -0.30 0.00
48.62 4.00 8.76 1.02 -0.00 -0.24 -0.00
48.67 4.00 8.75 1.02 -0.00 -0.18 -0.00
48.72 4.00 8.75 1.02 -0.00 -0.12 -0.00
48.77 4.00 8.74 1.02 -0.00 -0.07 -0.00
48.82 4.00 8.74 1.02 -0.00 -0.02 -0.01
48.87 4.00 8.74 1.02 -0.00 0.03 -0.01
48.92 4.00 8.74 1.02 -0.00 0.07 -0.00
48.97 4.00 8.75 1.02 -0.00 0.11 -0.00
49.02 4.00 8.75 1.02 -0.00 0.15 -0.00
49.07 4.00 8.76 1.02 -0.00 0.18 -0.00
49.12 4.00 8.77 1.02 -0.00 0.21 -0.00
49.17 4.00 8.78 1.02 -0.00 0.23 -0.00
49.22 4.00 8.79 1.02 -0.00 0.25 0.00
49.27 4.00 8.81 1.02 -0.00 0.27 0.00
49.32 4.00 8.82 1.02 -0.00 0.28 0.00
49.37 4.00 8.83 1.02 -0.00 0.28 0.00
49.42 4.00 8.85 1.02 0.00 0.29 0.00
49.47 4.00 8.86 1.02 0.00 0.29 0.00
49.52 4.00 8.88 1.02 0.00 0.29 0.00
49.57 4.00 8.89 1.02 0.00 0.28 0.00
49.62 4.00 8.91 1.02 0.00 0.27 0.00
49.67 4.00 8.92 1.02 0.00 0.26 0.00
49.72 4.00 8.93 1.02 0.00 0.25 0.00
49.77 4.00 8.94 1.02 0.00 0.24 -0.00
49.82 4.00 8.96 1.02 0.00 0.22 -0.00
49.87 4.00 8.97 1.02 0.00 0.21 -0.00
49.92 4.00 8.98 1.02 0.00 0.19 -0.00
49.97 4.00 8.99 1.02 0.00 0.17 -0.00
50.02 4.00 8.99 1.02 0.00 0.16 -0.00
50.07 4.00 9.00 1.02 0.00 0.14 -0.00
50.12 4.00 9.01 1.02 0.00 0.12 -0.00
50.17 4.00 9.01 1.02 0.00 0.10 -0.00
50.22 4.00 9.02 1.02 0.00 0.09 -0.00
50.27 4.00 9.02 1.02 0.00 0.07 -0.00
50.32 4.00 9.03 1.02 0.00 0.05 -0.00
50.37 4.00 9.03 1.02 0.00 0.04 -0.00
50.42 4.00 9.03 1.02 0.00 0.02 -0.00
50.47 4.00 9.03 1.02 0.00 0.01 -0.00
50.52 4.00 9.03 1.02 0.00 -0.00 -0.00

50.67	4.00	9.03	1.02
50.67	8.00	9.00	1.00
50.71 4.00 9.03 1.02 0.00 -0.04 -0.00
50.76 4.00 9.02 1.01 0.08 -0.05 -0.01
50.81 4.01 9.02 1.01 0.28 -0.05 -0.04
50.86 4.03 9.02 1.01 0.52 -0.05 -0.08
50.91 4.06 9.02 1.01 0.76 -0.05 -0.11
50.96 4.11 9.01 1.00 1.00 -0.05 -0.13
51.01 4.16 9.01 0.99 1.23 -0.05 -0.13
51.06 4.23 9.01 0.99 1.44 -0.05 -0.13
51.11 4.30 9.01 0.98 1.64 -0.05 -0.12
51.16 4.39 9.00 0.97 1.82 -0.05 -0.11
51.21 4.49 9.00 0.97 1.99 -0.05 -0.09
51.26 4.59 9.00 0.97 2.15 -0.05 -0.08
51.31 4.70 9.00 0.96 2.29 -0.05 -0.06
51.36 4.82 8.99 0.96 2.41 -0.05 -0.04
51.41 4.94 8.99 0.96 2.53 -0.05 -0.02
51.46 5.07 8.99 0.96 2.63 -0.05 -0.01
51.51 5.21 8.99 0.96 2.73 -0.04 0.01
51.56 5.34 8.98 0.96 2.82 -0.04 0.02
51.61 5.49 8.98 0.96 2.89 -0.04 0.03
51.66 5.63 8.98 0.96 2.96 -0.04 0.04
51.71 5.78 8.98 0.96 3.03 -0.03 0.05
51.76 5.94 8.98 0.97 3.08 -0.03 0.06
51.81 6.09 8.98 0.97 3.14 -0.03 0.06
51.86 6.25 8.97 0.97 3.18 -0.02 0.07
51.91 6.41 8.97 0.98 3.22 -0.02 0.07
51.96 6.57 8.97 0.98 3.26 -0.02 0.07
52.01 6.74 8.97 0.98 3.29 -0.01 0.08
52.06 6.90 8.97 0.99 3.29 -0.01 0.08
52.11 7.06 8.97 0.99 3.26 -0.00 0.07
52.16 7.23 8.97 0.99 3.19 0.00 0.06
52.21 7.38 8.97 1.00 3.08 0.01 0.05
52.26 7.53 8.97 1.00 2.95 0.01 0.03
52.31 7.68 8.97 1.00 2.79 0.01 0.01
52.36 7.81 8.97 1.00 2.61 0.02 -0.01
52.41 7.94 8.97 1.00 2.42 0.02 -0.04
52.46 8.05 8.97 1.00 2.22 0.02 -0.06
52.51 8.16 8.98 0.99 2.00 0.02 -0.07
52.56 8.25 8.98 0.99 1.78 0.02 -0.08
52.61 8.34 8.98 0.98 1.56 0.03 -0.09
52.66 8.41 8.98 0.98 1.33 0.03 -0.10
52.71 8.47 8.98 0.98 1.11 0.03 -0.10
52.76 8.52 8.98 0.97 0.89 0.03 -0.09
52.81 8.56 8.98 0.97 0.67 0.03 -0.08
52.86 8.59 8.98 0.96 0.47 0.03 -0.07
52.91 8.61 8.99 0.96 0.27 0.03 -0.05
52.96 8.61 8.99 0.96 0.09 0.03 -0.04
53.01 8.61 8.99 0.96 -0.08 0.02 -0.02
53.06 8.61 8.99 0.96 -0.23 0.02 -0.00
53.11 8.59 8.99 0.96 -0.37 0.02 0.02
53.16 8.57 8.99 0.96 -0.49 0.02 0.04
53.21 8.54 8.99 0.96 -0.60 0.02 0.05
53.26 8.51 8.99 0.96 -0.69 0.02 0.06
53.31 8.47 8.99 0.97 -0.76 0.02 0.08
53.36 8.43 9.00 0.97 -0.82 0.01 0.08
53.41 8.39 9.00 0.97 -0.87 0.01 0.09
53.46 8.35 9.00 0.98 -0.90 0.01 0.09
53.51 8.30 9.00 0.98 -0.92 0.01 0.09
53.56 8.26 9.00 0.99 -0.92 0.01 0.09
53.61 8.21 9.00 0.99 -0.92 0.01 0.09
53.66 8.16 9.00 1.00 -0.91 0.01 0.08
53.71 8.12 9.00 1.00 -0.88 0.00 0.08
53.76 8.08 9.00 1.00 -0.85 0.00 0.07
53.81 8.03 9.00 1.01 -0.81 0.00 0.06
53.86 7.99 9.00 1.01 -0.77 0.00 0.05
53.91 7.96 9.00 1.01 -0.72 0.00 0.05
53.96 7.92 9.00 1.02 -0.66 -0.00 0.04
54.01 7.89 9.00 1.02 -0.61 -0.00 0.03
54.06 7.86 9.00 1.02 -0.55 -0.00 0.02
54.11 7.84 9.00 1.02 -0.49 -0.00 0.02
54.16 7.81 9.00 1.02 -0.42 -0.00 0.01
54.21 7.79 9.00 1.02 -0.36 -0.00 0.01
54.26 7.78 9.00 1.02 -0.30 -0.00 0.00
54.31 7.76 9.00 1.02 -0.24 -0.00 -0.00
54.36 7.75 9.00 1.02 -0.18 -0.00 -0.00
54.41 7.75 9.00 1.02 -0.12 -0.00 -0.00
54.46 7.74 9.00 1.02 -0.07 -0.00 -0.01
54.51 7.74 9.00 1.02 -0.01 -0.00 -0.01
54.56 7.74 9.00 1.02 0.03 -0.00 -0.01
54.61 7.74 9.00 1.02 0.08 -0.00 -0.00
54.66 7.75 9.00 1.02 0.12 -0.00 -0.00
54.71 7.76 9.00 1.02 0.15 -0.00 -0.00
54.76 7.76 9.00 1.02 0.18 -0.00 -0.00
54.81 7.77 9.00 1.02 0.21 -0.00 -0.00
54.86 7.78 9.00 1.02 0.23 -0.00 -0.00
54.91 7.80 9.00 1.02 0.25 -0.00 0.00
54.96 7.81 9.00 1.02 0.27 -0.00 0.00
55.01 7.82 9.00 1.02 0.28 -0.00 0.00
55.06 7.84 9.00 1.02 0.29 -0.00 0.00
55.11 7.85 9.00 1.02 0.29 -0.00 0.00
55.16 7.87 9.00 1.02 0.29 -0.00 0.00
55.21 7.88 9.00 1.02 0.29 0.00 0.00
55.26 7.90 9.00 1.02 0.28 0.00 0.00
55.31 7.91 9.00 1.02 0.28 0.00 0.00
55.36 7.92 9.00 1.02 0.27 0.00 0.00
55.41 7.94 9.00 1.02 0.25 0.00 0.00
55.46 7.95 9.00 1.02 0.24 0.00 -0.00
55.51 7.96 9.00 1.02 0.23 0.00 -0.00
55.56 7.97 9.00 1.02 0.21 0.00 -0.00
55.61 7.98 9.00 1.02 0.19 0.00 -0.00
55.66 7.99 9.00 1.02 0.17 0.00 -0.00
55.71 8.00 9.00 1.02 0.16 0.00 -0.00
55.76 8.01 9.00 1.02 0.14 0.00 -0.00
55.81 8.01 9.00 1.02 0.12 0.00 -0.00
55.86 8.02 9.00 1.02 0.10 0.00 -0.00
55.91 8.02 9.00 1.02 0.08 0.00 -0.00
55.96 8.03 9.00 1.02 0.07 0.00 -0.00
56.01 8.03 9.00 1.02 0.05 0.00 -0.00
56.06 8.03 9.00 1.02 0.04 0.00 -0.00
56.11 8.03 9.00 1.02 0.02 0.00 -0.00
56.16 8.03 9.00 1.02 0.01 0.00 -0.00

56.19	8.03	9.00	1.02
56.19	10.00	13.00	1.00
56.23 8.03 9.00 1.02 -0.01 0.00 -0.00
56.28 8.03 9.00 1.02 0.06 0.12 -0.02
56.33 8.04 9.01 1.01 0.18 0.32 -0.06
56.38 8.05 9.03 1.01 0.31 0.54 -0.11
56.43 8.07 9.07 1.00 0.43 0.77 -0.13
56.48 8.10 9.11 1.00 0.54 0.99 -0.15
56.53 8.12 9.17 0.99 0.64 1.20 -0.15
56.58 8.16 9.23 0.98 0.73 1.39 -0.14
56.63 8.20 9.30 0.98 0.81 1.56 -0.12
56.68 8.24 9.39 0.97 0.88 1.72 -0.10
56.73 8.29 9.48 0.97 0.94 1.87 -0.09
56.78 8.33 9.57 0.96 1.00 2.00 -0.07
56.83 8.39 9.68 0.96 1.05 2.12 -0.05
56.88 8.44 9.78 0.96 1.09 2.23 -0.03
56.93 8.50 9.90 0.96 1.13 2.32 -0.01
56.98 8.55 10.02 0.96 1.17 2.41 0.00
57.03 8.61 10.14 0.96 1.20 2.49 0.02
57.08 8.67 10.27 0.96 1.23 2.56 0.03
57.13 8.74 10.40 0.96 1.26 2.63 0.04
57.18 8.80 10.53 0.96 1.29 2.69 0.05
57.23 8.86 10.66 0.96 1.31 2.74 0.05
57.28 8.93 10.80 0.97 1.33 2.79 0.06
57.33 9.00 10.94 0.97 1.35 2.83 0.06
57.38 9.06 11.09 0.97 1.36 2.87 0.07
57.43 9.13 11.23 0.98 1.38 2.90 0.07
57.48 9.20 11.38 0.98 1.39 2.93 0.07
57.53 9.27 11.52 0.98 1.40 2.96 0.07
57.58 9.34 11.67 0.99 1.41 2.98 0.07
57.63 9.41 11.82 0.99 1.42 3.00 0.07
57.68 9.49 11.97 0.99 1.43 3.00 0.07
57.73 9.56 12.12 1.00 1.41 2.98 0.06
57.78 9.63 12.27 1.00 1.39 2.91 0.06
57.83 9.69 12.41 1.00 1.34 2.82 0.04
57.88 9.76 12.55 1.00 1.29 2.70 0.02
57.93 9.82 12.68 1.01 1.22 2.56 0.00
57.98 9.88 12.81 1.00 1.15 2.40 -0.02
58.03 9.94 12.92 1.00 1.06 2.23 -0.04
58.08 9.99 13.03 1.00 0.98 2.04 -0.06
58.13 10.04 13.13 1.00 0.88 1.84 -0.08
58.18 10.08 13.21 0.99 0.79 1.64 -0.09
58.23 10.11 13.29 0.99 0.69 1.44 -0.10
58.28 10.15 13.36 0.98 0.60 1.23 -0.11
58.33 10.17 13.41 0.98 0.50 1.02 -0.10
58.38 10.20 13.46 0.97 0.40 0.82 -0.10
58.43 10.21 13.49 0.97 0.31 0.62 -0.09
58.48 10.23 13.52 0.96 0.22 0.44 -0.07
58.53 10.24 13.54 0.96 0.14 0.26 -0.06
58.58 10.24 13.55 0.96 0.06 0.09 -0.04
58.63 10.24 13.55 0.96 -0.02 -0.07 -0.02
58.68 10.24 13.54 0.95 -0.08 -0.21 -0.00
58.73 10.23 13.53 0.96 -0.14 -0.33 0.02
58.78 10.22 13.51 0.96 -0.20 -0.45 0.03
58.83 10.21 13.48 0.96 -0.24 -0.54 0.05
58.88 10.20 13.45 0.96 -0.28 -0.63 0.06
58.93 10.19 13.42 0.97 -0.32 -0.69 0.08
58.98 10.17 13.38 0.97 -0.34 -0.75 0.09
59.03 10.15 13.34 0.97 -0.36 -0.79 0.09
59.08 10.13 13.30 0.98 -0.38 -0.82 0.10
59.13 10.11 13.26 0.98 -0.39 -0.83 0.10
59.18 10.09 13.22 0.99 -0.39 -0.84 0.10
59.23 10.07 13.18 0.99 -0.39 -0.84 0.09
59.28 10.06 13.14 1.00 -0.38 -0.82 0.09
59.33 10.04 13.10 1.00 -0.37 -0.80 0.08
59.38 10.02 13.06 1.01 -0.36 -0.77 0.07
59.43 10.00 13.02 1.01 -0.34 -0.74 0.06
59.48 9.98 12.98 1.01 -0.32 -0.70 0.06
59.53 9.97 12.95 1.01 -0.30 -0.65 0.05
59.58 9.95 12.92 1.02 -0.28 -0.60 0.04
59.63 9.94 12.89 1.02 -0.26 -0.55 0.03
59.68 9.93 12.86 1.02 -0.23 -0.49 0.02
59.73 9.92 12.84 1.02 -0.20 -0.44 0.02
59.78 9.91 12.82 1.02 -0.18 -0.38 0.01
59.83 9.90 12.80 1.02 -0.15 -0.32 0.01
59.88 9.89 12.79 1.02 -0.12 -0.27 0.00
59.93 9.89 12.78 1.02 -0.10 -0.21 -0.00
59.98 9.88 12.77 1.02 -0.07 -0.16 -0.00
60.03 9.88 12.76 1.02 -0.05 -0.11 -0.00
60.08 9.88 12.76 1.02 -0.03 -0.06 -0.01
60.13 9.88 12.76 1.02 -0.00 -0.01 -0.01
60.18 9.88 12.76 1.02 0.02 0.03 -0.01
60.23 9.88 12.76 1.02 0.04 0.07 -0.00
60.28 9.88 12.76 1.02 0.05 0.11 -0.00
60.33 9.88 12.77 1.02 0.07 0.14 -0.00
60.38 9.89 12.78 1.02 0.08 0.17 -0.00
60.43 9.89 12.79 1.02 0.09 0.20 -0.00
60.48 9.90 12.80 1.02 0.10 0.22 -0.00
60.53 9.90 12.81 1.02 0.11 0.23 0.00
60.58 9.91 12.82 1.02 0.12 0.25 0.00
60.63 9.91 12.83 1.02 0.12 0.26 0.00
60.68 9.92 12.85 1.02 0.13 0.26 0.00
60.73 9.93 12.86 1.02 0.13 0.27 0.00
60.78 9.93 12.87 1.02 0.13 0.27 0.00
60.83 9.94 12.89 1.02 0.13 0.27 0.00
60.88 9.95 12.90 1.02 0.13 0.26 0.00
60.93 9.95 12.91 1.02 0.12 0.25 0.00
60.98 9.96 12.92 1.02 0.12 0.25 0.00
61.03 9.96 12.94 1.02 0.11 0.23 0.00
61.08 9.97 12.95 1.02 0.11 0.22 -0.00
61.13 9.97 12.96 1.02 0.10 0.21 -0.00
61.18 9.98 12.97 1.02 0.09 0.19 -0.00
61.23 9.98 12.98 1.02 0.09 0.18 -0.00
61.28 9.99 12.99 1.02 0.08 0.16 -0.00
61.33 9.99 12.99 1.02 0.07 0.14 -0.00
61.38 10.00 13.00 1.02 0.06 0.13 -0.00
61.43 10.00 13.01 1.02 0.06 0.11 -0.00
61.48 10.00 13.01 1.02 0.05 0.09 -0.00
61.53 10.00 13.02 1.02 0.04 0.08 -0.00
61.58 10.01 13.02 1.02 0.03 0.06 -0.00
61.63 10.01 13.02 1.02 0.03 0.05 -0.00
61.68 10.01 13.02 1.02 0.02 0.03 -0.00
61.73 10.01 13.03 1.02 0.01 0.02 -0.00
61.78 10.01 13.03 1.02 0.01 0.01 -0.00
61.83 10.01 13.03 1.02 0.00 -0.00 -0.00

61.83	10.01	13.03	1.02
61.83	9.00	15.00	1.00
61.88 10.01 13.03 1.02 -0.01 -0.01 -0.00
61.93 10.01 13.03 1.02 -0.08 0.09 -0.02
61.98 10.00 13.04 1.01 -0.21 0.28 -0.07
62.03 9.99 13.06 1.01 -0.35 0.51 -0.11
62.08 9.96 13.09 1.00 -0.48 0.73 -0.14
62.13 9.94 13.13 1.00 -0.60 0.95 -0.15
62.18 9.91 13.18 0.99 -0.70 1.15 -0.15
62.23 9.87 13.25 0.98 -0.79 1.34 -0.14
62.28 9.83 13.32 0.98 -0.88 1.52 -0.12
62.33 9.78 13.40 0.97 -0.95 1.68 -0.10
62.38 9.73 13.49 0.97 -1.01 1.82 -0.07
62.43 9.68 13.58 0.96 -1.07 1.96 -0.05
62.48 9.62 13.68 0.96 -1.12 2.08 -0.02
62.53 9.57 13.79 0.96 -1.16 2.19 0.00
62.58 9.51 13.90 0.96 -1.19 2.27 0.02
62.63 9.45 14.01 0.96 -1.20 2.32 0.04
62.68 9.39 14.13 0.97 -1.20 2.34 0.06
62.73 9.33 14.25 0.97 -1.18 2.33 0.08
62.78 9.27 14.36 0.97 -1.15 2.29 0.08
62.83 9.21 14.48 0.98 -1.11 2.23 0.08
62.88 9.16 14.59 0.98 -1.06 2.15 0.07
62.93 9.11 14.69 0.98 -1.00 2.05 0.06
62.98 9.06 14.79 0.99 -0.94 1.93 0.05
63.03 9.01 14.88 0.99 -0.87 1.81 0.04
63.08 8.97 14.97 0.99 -0.79 1.67 0.02
63.13 8.93 15.05 0.99 -0.72 1.53 0.01
63.18 8.90 15.12 0.99 -0.64 1.38 -0.01
63.23 8.87 15.19 0.99 -0.56 1.23 -0.02
63.28 8.84 15.25 0.99 -0.48 1.08 -0.03
63.33 8.82 15.30 0.99 -0.40 0.92 -0.03
63.38 8.80 15.34 0.99 -0.33 0.77 -0.03
63.43 8.79 15.37 0.99 -0.25 0.62 -0.03
63.48 8.78 15.40 0.98 -0.18 0.47 -0.03
63.53 8.77 15.42 0.98 -0.11 0.33 -0.02
63.58 8.77 15.43 0.98 -0.04 0.20 -0.02
63.63 8.77 15.44 0.98 0.02 0.07 -0.01
63.68 8.77 15.44 0.98 0.07 -0.04 -0.00
63.73 8.77 15.44 0.98 0.12 -0.15 0.01
63.78 8.78 15.43 0.98 0.17 -0.25 0.02
63.83 8.79 15.41 0.98 0.21 -0.33 0.03
63.88 8.80 15.39 0.98 0.24 -0.41 0.04
63.93 8.82 15.37 0.99 0.27 -0.47 0.04
63.98 8.83 15.35 0.99 0.29 -0.52 0.05
64.03 8.84 15.32 0.99 0.31 -0.56 0.05
64.08 8.86 15.29 0.99 0.32 -0.60 0.06
64.13 8.88 15.26 1.00 0.33 -0.62 0.06
64.18 8.89 15.23 1.00 0.33 -0.64 0.06
64.23 8.91 15.20 1.00 0.33 -0.64 0.06
64.28 8.93 15.16 1.00 0.33 -0.64 0.05
64.33 8.94 15.13 1.01 0.32 -0.63 0.05
64.38 8.96 15.10 1.01 0.31 -0.62 0.05
64.43 8.97 15.07 1.01 0.30 -0.60 0.04
64.48 8.99 15.04 1.01 0.28 -0.57 0.04
64.53 9.00 15.01 1.02 0.27 -0.54 0.03
64.58 9.01 14.99 1.02 0.25 -0.51 0.03
64.63 9.03 14.96 1.02 0.23 -0.47 0.02
64.68 9.04 14.94 1.02 0.21 -0.43 0.02
64.73 9.05 14.92 1.02 0.18 -0.39 0.01
64.78 9.06 14.90 1.02 0.16 -0.35 0.01
64.83 9.06 14.88 1.02 0.14 -0.31 0.00
64.88 9.07 14.87 1.02 0.12 -0.26 0.00
64.93 9.07 14.86 1.02 0.10 -0.22 -0.00
64.98 9.08 14.85 1.02 0.07 -0.18 -0.00
65.03 9.08 14.84 1.02 0.05 -0.14 -0.00
65.08 9.08 14.83 1.02 0.03 -0.10 -0.00
65.13 9.09 14.83 1.02 0.02 -0.06 -0.01
65.18 9.09 14.83 1.02 -0.00 -0.02 -0.01
65.23 9.09 14.83 1.02 -0.02 0.01 -0.01
65.28 9.08 14.83 1.02 -0.03 0.04 -0.00
65.33 9.08 14.83 1.02 -0.05 0.07 -0.00
65.38 9.08 14.84 1.02 -0.06 0.10 -0.00
65.43 9.08 14.84 1.02 -0.07 0.12 -0.00
65.48 9.07 14.85 1.02 -0.08 0.14 -0.00
65.53 9.07 14.86 1.02 -0.08 0.15 -0.00
65.58 9.06 14.86 1.02 -0.09 0.17 -0.00
65.63 9.06 14.87 1.02 -0.09 0.18 -0.00
65.68 9.06 14.88 1.02 -0.10 0.19 -0.00
65.73 9.05 14.89 1.02 -0.10 0.19 -0.00
65.78 9.05 14.90 1.02 -0.10 0.20 -0.00
65.83 9.04 14.91 1.02 -0.10 0.20 -0.00
65.88 9.04 14.92 1.02 -0.10 0.20 -0.00
65.93 9.03 14.93 1.02 -0.10 0.19 -0.00
65.98 9.03 14.94 1.02 -0.09 0.19 -0.00
66.03 9.02 14.95 1.02 -0.09 0.18 -0.00
66.08 9.02 14.96 1.02 -0.09 0.17 -0.00
66.13 9.01 14.97 1.02 -0.08 0.17 -0.00
66.18 9.01 14.97 1.02 -0.07 0.16 -0.00
66.23 9.00 14.98 1.02 -0.07 0.14 -0.00
66.28 9.00 14.99 1.02 -0.06 0.13 -0.00
66.33 9.00 15.00 1.02 -0.06 0.12 -0.00
66.38 9.00 15.00 1.02 -0.05 0.11 -0.00
66.43 8.99 15.01 1.02 -0.04 0.10 -0.00
66.48 8.99 15.01 1.02 -0.04 0.08 -0.00
66.53 8.99 15.01 1.02 -0.03 0.07 -0.00
66.58 8.99 15.02 1.02 -0.03 0.06 -0.00
66.63 8.99 15.02 1.02 -0.02 0.05 -0.00
66.68 8.99 15.02 1.02 -0.01 0.04 -0.00
66.73 8.99 15.02 1.02 -0.01 0.03 -0.00
66.78 8.99 15.03 1.02 -0.00 0.02 -0.00
66.83 8.99 15.03 1.02 0.00 0.01 -0.00

66.83	8.99	15.03	1.02
66.83	8.00	17.00	1.00
66.88 8.99 15.03 1.02 -0.00 0.01 -0.00
66.93 8.98 15.03 1.02 -0.09 0.14 -0.03
66.98 8.98 15.04 1.01 -0.22 0.34 -0.08
67.03 8.96 15.06 1.01 -0.35 0.57 -0.12
67.08 8.94 15.10 1.00 -0.47 0.79 -0.14
67.13 8.91 15.14 0.99 -0.59 1.01 -0.15
67.18 8.88 15.20 0.99 -0.69 1.21 -0.15
67.23 8.85 15.26 0.98 -0.78 1.40 -0.13
67.28 8.80 15.34 0.97 -0.85 1.57 -0.12
67.33 8.76 15.42 0.97 -0.92 1.73 -0.09
67.38 8.71 15.51 0.96 -0.98 1.87 -0.07
67.43 8.66 15.61 0.96 -1.04 2.01 -0.04
67.48 8.61 15.71 0.96 -1.09 2.12 -0.02
67.53 8.55 15.82 0.96 -1.13 2.23 0.01
67.58 8.50 15.93 0.96 -1.15 2.30 0.03
67.63 8.44 16.05 0.96 -1.16 2.35 0.05
67.68 8.38 16.17 0.96 -1.16 2.36 0.07
67.73 8.32 16.29 0.97 -1.14 2.34 0.08
67.78 8.27 16.40 0.97 -1.11 2.29 0.08
67.83 8.21 16.51 0.98 -1.07 2.22 0.08
67.88 8.16 16.62 0.98 -1.02 2.13 0.07
67.93 8.11 16.73 0.98 -0.96 2.03 0.06
67.98 8.06 16.83 0.99 -0.90 1.91 0.05
68.03 8.02 16.92 0.99 -0.83 1.78 0.03
68.08 7.98 17.00 0.99 -0.76 1.64 0.02
68.13 7.95 17.08 0.99 -0.69 1.49 0.00
68.18 7.91 17.15 0.99 -0.61 1.34 -0.01
68.23 7.88 17.22 0.99 -0.53 1.19 -0.02
68.28 7.86 17.27 0.99 -0.46 1.03 -0.03
68.33 7.84 17.32 0.99 -0.38 0.88 -0.03
68.38 7.82 17.36 0.99 -0.31 0.72 -0.03
68.43 7.81 17.39 0.98 -0.24 0.57 -0.03
68.48 7.80 17.42 0.98 -0.17 0.43 -0.03
68.53 7.79 17.43 0.98 -0.10 0.29 -0.02
68.58 7.79 17.44 0.98 -0.04 0.16 -0.02
68.63 7.79 17.45 0.98 0.02 0.03 -0.01
68.68 7.79 17.45 0.98 0.07 -0.08 0.00
68.73 7.79 17.44 0.98 0.12 -0.18 0.01
68.78 7.80 17.43 0.98 0.16 -0.28 0.02
68.83 7.81 17.41 0.98 0.20 -0.36 0.03
68.88 7.82 17.39 0.98 0.23 -0.43 0.04
68.93 7.83 17.37 0.99 0.26 -0.49 0.04
68.98 7.85 17.35 0.99 0.28 -0.54 0.05
69.03 7.86 17.32 0.99 0.29 -0.58 0.05
69.08 7.88 17.29 0.99 0.31 -0.61 0.06
69.13 7.89 17.26 1.00 0.31 -0.63 0.06
69.18 7.91 17.22 1.00 0.32 -0.65 0.06
69.23 7.92 17.19 1.00 0.32 -0.65 0.06
69.28 7.94 17.16 1.00 0.31 -0.65 0.05
69.33 7.95 17.13 1.01 0.30 -0.64 0.05
69.38 7.97 17.10 1.01 0.29 -0.62 0.04
69.43 7.98 17.07 1.01 0.28 -0.60 0.04
69.48 8.00 17.04 1.01 0.27 -0.57 0.03
69.53 8.01 17.01 1.01 0.25 -0.54 0.03
69.58 8.02 16.98 1.02 0.23 -0.50 0.02
69.63 8.03 16.96 1.02 0.21 -0.47 0.02
69.68 8.04 16.94 1.02 0.19 -0.42 0.01
69.73 8.05 16.92 1.02 0.17 -0.38 0.01
69.78 8.06 16.90 1.02 0.15 -0.34 0.01
69.83 8.07 16.88 1.02 0.13 -0.30 0.00
69.88 8.07 16.87 1.02 0.11 -0.25 0.00
69.93 8.08 16.86 1.02 0.09 -0.21 -0.00
69.98 8.08 16.85 1.02 0.07 -0.17 -0.00
70.03 8.08 16.84 1.02 0.05 -0.13 -0.00
70.08 8.09 16.84 1.02 0.03 -0.09 -0.00
70.13 8.09 16.83 1.02 0.01 -0.05 -0.00
70.18 8.09 16.83 1.02 -0.01 -0.01 -0.00
70.23 8.09 16.83 1.02 -0.02 0.02 -0.00
70.28 8.09 16.83 1.02 -0.04 0.05 -0.00
70.33 8.08 16.84 1.02 -0.05 0.08 -0.00
70.38 8.08 16.84 1.02 -0.06 0.10 -0.00
70.43 8.08 16.85 1.02 -0.07 0.12 -0.00
70.48 8.07 16.85 1.02 -0.08 0.14 -0.00
70.53 8.07 16.86 1.02 -0.08 0.16 -0.00
70.58 8.07 16.87 1.02 -0.09 0.17 -0.00
70.63 8.06 16.88 1.02 -0.09 0.18 -0.00
70.68 8.06 16.89 1.02 -0.10 0.19 -0.00
70.73 8.05 16.90 1.02 -0.10 0.19 -0.00
70.78 8.05 16.91 1.02 -0.10 0.20 0.00
70.83 8.04 16.92 1.02 -0.10 0.20 0.00
70.88 8.04 16.93 1.02 -0.10 0.20 -0.00
70.93 8.03 16.93 1.02 -0.09 0.19 -0.00
70.98 8.03 16.94 1.02 -0.09 0.19 -0.00
71.03 8.02 16.95 1.02 -0.09 0.18 -0.00
71.08 8.02 16.96 1.02 -0.08 0.17 -0.00
71.13 8.01 16.97 1.02 -0.08 0.16 -0.00
71.18 8.01 16.98 1.02 -0.07 0.15 -0.00
71.23 8.01 16.99 1.02 -0.07 0.14 -0.00
71.28 8.00 16.99 1.02 -0.06 0.13 -0.00
71.33 8.00 17.00 1.02 -0.05 0.12 -0.00
71.38 8.00 17.00 1.02 -0.05 0.10 -0.00
71.43 8.00 17.01 1.02 -0.04 0.09 -0.00
71.48 7.99 17.01 1.02 -0.04 0.08 -0.00
71.53 7.99 17.02 1.02 -0.03 0.07 -0.00
71.58 7.99 17.02 1.02 -0.02 0.06 -0.00
71.63 7.99 17.02 1.02 -0.02 0.04 -0.00
71.68 7.99 17.02 1.02 -0.01 0.03 -0.00
71.73 7.99 17.03 1.02 -0.01 0.02 -0.00
71.78 7.99 17.03 1.02 -0.00 0.01 -0.00
71.83 7.99 17.03 1.02 0.00 0.00 -0.00

71.87	7.99	17.03	1.02
71.87	7.00	19.00	1.00
71.91 7.99 17.03 1.01 0.01 -0.01 -0.00
71.96 7.99 17.03 1.01 -0.07 0.10 -0.02
72.01 7.98 17.04 1.01 -0.19 0.29 -0.07
72.06 7.97 17.06 1.01 -0.32 0.51 -0.11
72.11 7.95 17.09 1.00 -0.45 0.74 -0.14
72.16 7.92 17.13 0.99 -0.56 0.96 -0.15
72.21 7.89 17.19 0.99 -0.67 1.17 -0.15
72.26 7.86 17.25 0.98 -0.76 1.36 -0.14
72.31 7.82 17.32 0.97 -0.84 1.53 -0.12
72.36 7.77 17.40 0.97 -0.91 1.70 -0.10
72.41 7.73 17.49 0.96 -0.97 1.84 -0.07
72.46 7.68 17.59 0.96 -1.03 1.98 -0.05
72.51 7.62 17.69 0.96 -1.08 2.10 -0.02
72.56 7.57 17.80 0.96 -1.12 2.21 0.00
72.61 7.51 17.91 0.96 -1.15 2.29 0.02
72.66 7.45 18.02 0.96 -1.16 2.34 0.05
72.71 7.40 18.14 0.96 -1.16 2.36 0.06
72.76 7.34 18.26 0.97 -1.15 2.34 0.08
72.81 7.28 18.38 0.97 -1.12 2.30 0.08
72.86 7.23 18.49 0.97 -1.08 2.24 0.08
72.91 7.17 18.60 0.98 -1.03 2.15 0.08
72.96 7.12 18.70 0.98 -0.97 2.05 0.06
73.01 7.08 18.80 0.98 -0.91 1.94 0.05
73.06 7.03 18.90 0.99 -0.85 1.81 0.04
73.11 6.99 18.98 0.99 -0.78 1.67 0.02
73.16 6.95 19.06 0.99 -0.70 1.53 0.01
73.21 6.92 19.14 0.99 -0.63 1.38 -0.01
73.26 6.89 19.20 0.99 -0.55 1.23 -0.02
73.31 6.87 19.26 0.99 -0.48 1.07 -0.02
73.36 6.84 19.31 0.99 -0.40 0.91 -0.03
73.41 6.83 19.35 0.98 -0.33 0.76 -0.03
73.46 6.81 19.39 0.98 -0.25 0.61 -0.03
73.51 6.80 19.41 0.98 -0.18 0.46 -0.03
73.56 6.79 19.43 0.98 -0.12 0.32 -0.02
73.61 6.79 19.44 0.98 -0.05 0.19 -0.02
73.66 6.79 19.45 0.98 0.00 0.06 -0.01
73.71 6.79 19.45 0.98 0.06 -0.05 0.00
73.76 6.79 19.44 0.98 0.11 -0.16 0.01
73.81 6.80 19.43 0.98 0.15 -0.26 0.02
73.86 6.81 19.42 0.98 0.19 -0.34 0.03
73.91 6.82 19.40 0.98 0.22 -0.42 0.04
73.96 6.83 19.38 0.98 0.25 -0.48 0.04
74.01 6.84 19.35 0.99 0.27 -0.53 0.05
74.06 6.86 19.32 0.99 0.29 -0.57 0.05
74.11 6.87 19.30 0.99 0.30 -0.61 0.06
74.16 6.89 19.26 0.99 0.31 -0.63 0.06
74.21 6.90 19.23 1.00 0.32 -0.64 0.06
74.26 6.92 19.20 1.00 0.32 -0.65 0.06
74.31 6.94 19.17 1.00 0.31 -0.65 0.05
74.36 6.95 19.14 1.01 0.31 -0.64 0.05
74.41 6.97 19.10 1.01 0.30 -0.62 0.05
74.46 6.98 19.07 1.01 0.28 -0.60 0.04
74.51 6.99 19.04 1.01 0.27 -0.58 0.04
74.56 7.01 19.02 1.01 0.25 -0.55 0.03
74.61 7.02 18.99 1.02 0.24 -0.51 0.03
74.66 7.03 18.96 1.02 0.22 -0.47 0.02
74.71 7.04 18.94 1.02 0.20 -0.43 0.02
74.76 7.05 18.92 1.02 0.18 -0.39 0.01
74.81 7.06 18.90 1.02 0.15 -0.35 0.01
74.86 7.07 18.89 1.02 0.13 -0.31 0.00
74.91 7.07 18.87 1.02 0.11 -0.26 0.00
74.96 7.08 18.86 1.02 0.09 -0.22 -0.00
75.01 7.08 18.85 1.02 0.07 -0.18 -0.00
75.06 7.08 18.84 1.02 0.05 -0.14 -0.00
75.11 7.09 18.84 1.02 0.03 -0.10 -0.00
75.16 7.09 18.83 1.02 0.01 -0.06 -0.00
75.21 7.09 18.83 1.02 -0.00 -0.02 -0.00
75.26 7.09 18.83 1.02 -0.02 0.01 -0.00
75.31 7.09 18.83 1.02 -0.03 0.04 -0.00
75.36 7.08 18.83 1.02 -0.05 0.07 -0.00
75.41 7.08 18.84 1.02 -0.06 0.10 -0.00
75.46 7.08 18.84 1.02 -0.07 0.12 -0.00
75.51 7.08 18.85 1.02 -0.08 0.14 -0.00
75.56 7.07 18.86 1.02 -0.08 0.15 -0.00
75.61 7.07 18.87 1.02 -0.09 0.17 -0.00
75.66 7.06 18.87 1.02 -0.09 0.18 -0.00
75.71 7.06 18.88 1.02 -0.10 0.19 -0.00
75.76 7.05 18.89 1.02 -0.10 0.19 -0.00
75.81 7.05 18.90 1.02 -0.10 0.20 0.00
75.86 7.04 18.91 1.02 -0.10 0.20 0.00
75.91 7.04 18.92 1.02 -0.10 0.20 0.00
75.96 7.03 18.93 1.02 -0.09 0.19 -0.00
76.01 7.03 18.94 1.02 -0.09 0.19 -0.00
76.06 7.02 18.95 1.02 -0.09 0.18 -0.00
76.11 7.02 18.96 1.02 -0.08 0.17 -0.00
76.16 7.02 18.97 1.02 -0.08 0.16 -0.00
76.21 7.01 18.98 1.02 -0.07 0.15 -0.00
76.26 7.01 18.98 1.02 -0.07 0.14 -0.00
76.31 7.01 18.99 1.02 -0.06 0.13 -0.00
76.36 7.00 19.00 1.02 -0.06 0.12 -0.00
76.41 7.00 19.00 1.02 -0.05 0.11 -0.00
76.46 7.00 19.01 1.02 -0.04 0.10 -0.00
76.51 7.00 19.01 1.02 -0.04 0.08 -0.00
76.56 6.99 19.02 1.02 -0.03 0.07 -0.00
76.61 6.99 19.02 1.02 -0.03 0.06 -0.00
76.66 6.99 19.02 1.02 -0.02 0.05 -0.00
76.71 6.99 19.02 1.02 -0.01 0.04 -0.00
76.76 6.99 19.03 1.02 -0.01 0.02 -0.00
76.81 6.99 19.03 1.01 -0.00 0.01 -0.00
76.86 6.99 19.03 1.01 -0.00 0.00 -0.00

